ÈÕÆÚ,¹ÉÆ±´úÂë,Ãû³Æ,ÊÕÅÌ¼Û,×î¸ß¼Û,×îµÍ¼Û,¿ªÅÌ¼Û,Ç°ÊÕÅÌ,ÕÇµø¶î,ÕÇµø·ù,»»ÊÖÂÊ,³É½»Á¿,³É½»½ð¶î,×ÜÊÐÖµ,Á÷Í¨ÊÐÖµ,³É½»±ÊÊý
2017-12-29,'603167,²³º£ÂÖ¶É,11.52,11.54,11.37,11.48,11.42,0.1,0.8757,0.9181,4419731,50600252.0,5545728000.0,5545728000.0,None
2017-12-28,'603167,²³º£ÂÖ¶É,11.42,11.57,11.33,11.46,11.53,-0.11,-0.954,1.2226,5885536,67377898.0,5497588000.0,5497588000.0,None
2017-12-27,'603167,²³º£ÂÖ¶É,11.53,12.1,11.48,11.97,11.94,-0.41,-3.4338,2.1589,10392977,122375496.0,5550542000.0,5550542000.0,None
2017-12-26,'603167,²³º£ÂÖ¶É,11.94,11.95,11.78,11.82,11.83,0.11,0.9298,0.8817,4244641,50410624.0,5747916000.0,5747916000.0,None
2017-12-25,'603167,²³º£ÂÖ¶É,11.83,11.95,11.77,11.8,11.86,-0.03,-0.253,0.8891,4280223,50757782.0,5694962000.0,5694962000.0,None
2017-12-22,'603167,²³º£ÂÖ¶É,11.86,11.92,11.52,11.56,11.58,0.28,2.418,1.4846,7146965,84292992.0,5709404000.0,5709404000.0,None
2017-12-21,'603167,²³º£ÂÖ¶É,11.58,11.69,11.48,11.69,11.68,-0.1,-0.8562,0.9002,4333445,50206378.0,5574612000.0,5574612000.0,None
2017-12-20,'603167,²³º£ÂÖ¶É,11.68,11.77,11.54,11.76,11.76,-0.08,-0.6803,0.6558,3156998,36777931.0,5622752000.0,5622752000.0,None
2017-12-19,'603167,²³º£ÂÖ¶É,11.76,11.82,11.72,11.76,11.76,0.0,0.0,0.5575,2683994,31566704.0,5661264000.0,5661264000.0,None
2017-12-18,'603167,²³º£ÂÖ¶É,11.76,11.78,11.57,11.62,11.64,0.12,1.0309,0.7491,3606172,42228952.0,5661264000.0,5661264000.0,None
2017-12-15,'603167,²³º£ÂÖ¶É,11.64,11.8,11.6,11.7,11.72,-0.08,-0.6826,0.7108,3421823,40055506.0,5603496000.0,5603496000.0,None
2017-12-14,'603167,²³º£ÂÖ¶É,11.72,11.75,11.5,11.62,11.63,0.09,0.7739,1.0963,5277796,61351683.0,5642008000.0,5642008000.0,None
2017-12-13,'603167,²³º£ÂÖ¶É,11.63,11.65,11.48,11.48,11.5,0.13,1.1304,0.5416,2607437,30156027.0,5598682000.0,5598682000.0,None
2017-12-12,'603167,²³º£ÂÖ¶É,11.5,11.6,11.5,11.58,11.62,-0.12,-1.0327,0.5485,2640301,30473676.0,5536100000.0,5536100000.0,None
2017-12-11,'603167,²³º£ÂÖ¶É,11.62,11.62,11.43,11.48,11.52,0.1,0.8681,0.683,3288194,37971796.0,5593868000.0,5593868000.0,None
2017-12-08,'603167,²³º£ÂÖ¶É,11.52,11.55,11.38,11.41,11.42,0.1,0.8757,0.7283,3506055,40297406.0,5545728000.0,5545728000.0,None
2017-12-07,'603167,²³º£ÂÖ¶É,11.42,11.5,11.33,11.37,11.4,0.02,0.1754,0.6877,3310411,37772306.0,5497588000.0,5497588000.0,None
2017-12-06,'603167,²³º£ÂÖ¶É,11.4,11.43,11.15,11.32,11.38,0.02,0.1757,0.9769,4702581,53032832.0,5487960000.0,5487960000.0,None
2017-12-05,'603167,²³º£ÂÖ¶É,11.38,11.6,11.26,11.49,11.49,-0.11,-0.9574,1.0362,4988164,56964455.0,5478332000.0,5478332000.0,None
2017-12-04,'603167,²³º£ÂÖ¶É,11.49,11.63,11.44,11.49,11.57,-0.08,-0.6914,0.7726,3719305,42848857.0,5531286000.0,5531286000.0,None
2017-12-01,'603167,²³º£ÂÖ¶É,11.57,11.64,11.15,11.16,11.18,0.39,3.4884,2.1775,10482312,120288224.0,5569798000.0,5569798000.0,None
2017-11-30,'603167,²³º£ÂÖ¶É,11.18,11.36,11.15,11.35,11.37,-0.19,-1.6711,0.7564,3641187,40981397.0,5382052000.0,5382052000.0,None
2017-11-29,'603167,²³º£ÂÖ¶É,11.37,11.38,11.18,11.25,11.25,0.12,1.0667,0.7782,3746321,42241361.0,5473518000.0,5473518000.0,None
2017-11-28,'603167,²³º£ÂÖ¶É,11.25,11.27,11.07,11.13,11.07,0.18,1.626,0.6482,3120358,34828827.0,5415750000.0,5415750000.0,None
2017-11-27,'603167,²³º£ÂÖ¶É,11.07,11.28,11.05,11.13,11.21,-0.14,-1.2489,0.7943,3824000,42702367.0,5329098000.0,5329098000.0,None
2017-11-24,'603167,²³º£ÂÖ¶É,11.21,11.24,11.11,11.17,11.22,-0.01,-0.0891,0.8856,4263225,47681598.0,5396494000.0,5396494000.0,None
2017-11-23,'603167,²³º£ÂÖ¶É,11.22,11.56,11.14,11.55,11.55,-0.33,-2.8571,1.3857,6670873,75658914.0,5401308000.0,5401308000.0,None
2017-11-22,'603167,²³º£ÂÖ¶É,11.55,11.71,11.47,11.49,11.47,0.08,0.6975,1.3023,6269038,72588476.0,5560170000.0,5560170000.0,None
2017-11-21,'603167,²³º£ÂÖ¶É,11.47,11.63,11.36,11.58,11.6,-0.13,-1.1207,1.3188,6348900,72952500.0,5521658000.0,5521658000.0,None
2017-11-20,'603167,²³º£ÂÖ¶É,11.6,11.61,11.32,11.52,11.61,-0.01,-0.0861,1.3271,6388514,73123179.0,5584240000.0,5584240000.0,None
2017-11-17,'603167,²³º£ÂÖ¶É,11.61,12.24,11.49,12.15,12.16,-0.55,-4.523,2.6023,12527374,148077545.0,5589054000.0,5589054000.0,None
2017-11-16,'603167,²³º£ÂÖ¶É,12.16,12.18,11.88,11.9,11.93,0.23,1.9279,1.6847,8109962,97852141.0,5853824000.0,5853824000.0,None
2017-11-15,'603167,²³º£ÂÖ¶É,11.93,12.06,11.9,11.96,12.02,-0.09,-0.7488,1.1629,5598032,67059000.0,5743102000.0,5743102000.0,None
2017-11-14,'603167,²³º£ÂÖ¶É,12.02,12.25,11.92,12.22,12.27,-0.25,-2.0375,1.9527,9400244,113432128.0,5786428000.0,5786428000.0,None
2017-11-13,'603167,²³º£ÂÖ¶É,12.27,12.39,12.11,12.17,12.16,0.11,0.9046,2.1253,10231424,125648610.0,5906778000.0,5906778000.0,None
2017-11-10,'603167,²³º£ÂÖ¶É,12.16,12.24,12.05,12.22,12.24,-0.08,-0.6536,1.9017,9154602,110904631.0,5853824000.0,5853824000.0,None
2017-11-09,'603167,²³º£ÂÖ¶É,12.24,12.25,11.98,12.02,12.07,0.17,1.4085,1.6634,8007709,97068896.0,5892336000.0,5892336000.0,None
2017-11-08,'603167,²³º£ÂÖ¶É,12.07,12.2,12.05,12.18,12.24,-0.17,-1.3889,2.0511,9873939,119681519.0,5810498000.0,5810498000.0,None
2017-11-07,'603167,²³º£ÂÖ¶É,12.24,12.25,11.71,11.87,11.9,0.34,2.8571,2.6563,12787628,154267447.0,5892336000.0,5892336000.0,None
2017-11-06,'603167,²³º£ÂÖ¶É,11.9,12.04,11.68,11.95,11.97,-0.07,-0.5848,1.7757,8548044,101000096.0,5728660000.0,5728660000.0,None
2017-11-03,'603167,²³º£ÂÖ¶É,11.97,12.08,11.83,11.87,11.86,0.11,0.9275,1.6079,7740425,92602019.0,5762358000.0,5762358000.0,None
2017-11-02,'603167,²³º£ÂÖ¶É,11.86,12.1,11.82,12.07,12.08,-0.22,-1.8212,1.4639,7047319,84255635.0,5709404000.0,5709404000.0,None
2017-11-01,'603167,²³º£ÂÖ¶É,12.08,12.25,11.89,11.93,11.94,0.14,1.1725,2.9713,14303895,173405679.0,5815312000.0,5815312000.0,None
2017-10-31,'603167,²³º£ÂÖ¶É,11.94,11.96,11.66,11.76,11.78,0.16,1.3582,1.429,6879179,81116987.0,5747916000.0,5747916000.0,None
2017-10-30,'603167,²³º£ÂÖ¶É,11.78,11.98,11.68,11.84,11.84,-0.06,-0.5068,1.3586,6540261,77041159.0,5670892000.0,5670892000.0,None
2017-10-27,'603167,²³º£ÂÖ¶É,11.84,11.88,11.76,11.8,11.81,0.03,0.254,1.3283,6394590,75624039.0,5699776000.0,5699776000.0,None
2017-10-26,'603167,²³º£ÂÖ¶É,11.81,11.91,11.74,11.77,11.47,0.34,2.9643,2.7615,13293692,157061965.0,5685334000.0,5685334000.0,None
2017-10-25,'603167,²³º£ÂÖ¶É,11.47,11.49,11.33,11.39,11.36,0.11,0.9683,0.7174,3453427,39417464.0,5521658000.0,5521658000.0,None
2017-10-24,'603167,²³º£ÂÖ¶É,11.36,11.41,11.24,11.29,11.31,0.05,0.4421,0.5972,2874757,32529872.0,5468704000.0,5468704000.0,None
2017-10-23,'603167,²³º£ÂÖ¶É,11.31,11.4,11.23,11.31,11.31,0.0,0.0,0.6244,3005747,33995337.0,5444634000.0,5444634000.0,None
2017-10-20,'603167,²³º£ÂÖ¶É,11.31,11.33,11.06,11.06,11.06,0.25,2.2604,0.8507,4095269,46002795.0,5444634000.0,5444634000.0,None
2017-10-19,'603167,²³º£ÂÖ¶É,11.06,11.23,11.01,11.16,11.15,-0.09,-0.8072,0.9119,4390038,48673756.0,5324284000.0,5324284000.0,None
2017-10-18,'603167,²³º£ÂÖ¶É,11.15,11.45,11.1,11.39,11.39,-0.24,-2.1071,1.0709,5155133,58223696.0,5367610000.0,5367610000.0,None
2017-10-17,'603167,²³º£ÂÖ¶É,11.39,11.44,11.3,11.41,11.4,-0.01,-0.0877,0.8826,4248700,48311600.0,5483146000.0,5483146000.0,None
2017-10-16,'603167,²³º£ÂÖ¶É,11.4,11.73,11.39,11.7,11.68,-0.28,-2.3973,1.5764,7588600,87443772.0,5487960000.0,5487960000.0,None
2017-10-13,'603167,²³º£ÂÖ¶É,11.68,11.75,11.64,11.72,11.72,-0.04,-0.3413,1.0158,4890100,57115452.0,5622752000.0,5622752000.0,None
2017-10-12,'603167,²³º£ÂÖ¶É,11.72,11.87,11.66,11.85,11.85,-0.13,-1.097,0.8714,4194700,49331103.0,5642008000.0,5642008000.0,None
2017-10-11,'603167,²³º£ÂÖ¶É,11.85,11.87,11.69,11.75,11.73,0.12,1.023,1.367,6580908,77612803.0,5704590000.0,5704590000.0,None
2017-10-10,'603167,²³º£ÂÖ¶É,11.73,11.76,11.62,11.72,11.72,0.01,0.0853,1.384,6662414,77833383.0,5646822000.0,5646822000.0,None
2017-10-09,'603167,²³º£ÂÖ¶É,11.72,11.85,11.66,11.81,11.74,-0.02,-0.1704,0.9262,4458600,52390215.0,5642008000.0,5642008000.0,None
2017-09-29,'603167,²³º£ÂÖ¶É,11.74,11.77,11.6,11.6,11.56,0.18,1.5571,0.6758,3253301,38129982.0,5651636000.0,5651636000.0,None
2017-09-28,'603167,²³º£ÂÖ¶É,11.56,11.73,11.52,11.68,11.7,-0.14,-1.1966,0.5556,2674500,31105408.0,5564984000.0,5564984000.0,None
2017-09-27,'603167,²³º£ÂÖ¶É,11.7,11.73,11.54,11.54,11.55,0.15,1.2987,0.7418,3570823,41651701.0,5632380000.0,5632380000.0,None
2017-09-26,'603167,²³º£ÂÖ¶É,11.55,11.65,11.5,11.6,11.61,-0.06,-0.5168,0.7196,3464000,40052240.0,5560170000.0,5560170000.0,None
2017-09-25,'603167,²³º£ÂÖ¶É,11.61,11.89,11.56,11.83,11.85,-0.24,-2.0253,0.9177,4417700,51808831.0,5589054000.0,5589054000.0,None
2017-09-22,'603167,²³º£ÂÖ¶É,11.85,11.89,11.74,11.83,11.85,0.0,0.0,0.7554,3636519,42971418.0,5704590000.0,5704590000.0,None
2017-09-21,'603167,²³º£ÂÖ¶É,11.85,12.02,11.84,11.97,11.99,-0.14,-1.1676,0.824,3966741,47324294.0,5704590000.0,5704590000.0,None
2017-09-20,'603167,²³º£ÂÖ¶É,11.99,12.0,11.86,11.87,11.88,0.11,0.9259,0.8872,4270783,51019991.0,5771986000.0,5771986000.0,None
2017-09-19,'603167,²³º£ÂÖ¶É,11.88,11.96,11.85,11.9,11.9,-0.02,-0.1681,0.8966,4316257,51363662.0,5719032000.0,5719032000.0,None
2017-09-18,'603167,²³º£ÂÖ¶É,11.9,11.92,11.81,11.85,11.87,0.03,0.2527,0.7262,3495800,41527102.0,5728660000.0,5728660000.0,None
2017-09-15,'603167,²³º£ÂÖ¶É,11.87,12.07,11.86,12.05,12.08,-0.21,-1.7384,1.396,6720335,80114566.0,5714218000.0,5714218000.0,None
2017-09-14,'603167,²³º£ÂÖ¶É,12.08,12.13,11.98,12.01,11.99,0.09,0.7506,1.128,5430137,65514585.0,5815312000.0,5815312000.0,None
2017-09-13,'603167,²³º£ÂÖ¶É,11.99,12.1,11.93,12.01,12.05,-0.06,-0.4979,0.9556,4600066,55202588.0,5771986000.0,5771986000.0,None
2017-09-12,'603167,²³º£ÂÖ¶É,12.05,12.15,12.01,12.09,12.12,-0.07,-0.5776,1.1562,5565845,67215369.0,5800870000.0,5800870000.0,None
2017-09-11,'603167,²³º£ÂÖ¶É,12.12,12.13,11.9,11.95,11.99,0.13,1.0842,1.3377,6439645,77431782.0,5834568000.0,5834568000.0,None
2017-09-08,'603167,²³º£ÂÖ¶É,11.99,12.02,11.88,11.9,11.88,0.11,0.9259,1.2403,5970948,71427465.0,5771986000.0,5771986000.0,None
2017-09-07,'603167,²³º£ÂÖ¶É,11.88,12.2,11.85,12.18,12.17,-0.29,-2.3829,2.7357,13169427,158220024.0,5719032000.0,5719032000.0,None
2017-09-06,'603167,²³º£ÂÖ¶É,12.17,12.21,12.05,12.16,12.22,-0.05,-0.4092,1.4519,6989294,84712066.0,5858638000.0,5858638000.0,None
2017-09-05,'603167,²³º£ÂÖ¶É,12.22,12.4,12.21,12.4,12.42,-0.2,-1.6103,1.5432,7428970,91302305.0,5882708000.0,5882708000.0,None
2017-09-04,'603167,²³º£ÂÖ¶É,12.42,12.43,11.96,12.1,12.15,0.27,2.2222,2.6377,12697979,154680263.0,5978988000.0,5978988000.0,None
2017-09-01,'603167,²³º£ÂÖ¶É,12.15,12.36,12.11,12.13,12.13,0.02,0.1649,2.2299,10734764,131194357.0,5849010000.0,5849010000.0,None
2017-08-31,'603167,²³º£ÂÖ¶É,12.13,12.22,12.0,12.16,12.13,0.0,0.0,1.509,7264423,87901974.0,5839382000.0,5839382000.0,None
2017-08-30,'603167,²³º£ÂÖ¶É,12.13,12.17,11.9,11.98,11.93,0.2,1.6764,2.8619,13776972,166458435.0,5839382000.0,5839382000.0,None
2017-08-29,'603167,²³º£ÂÖ¶É,11.93,12.18,11.88,12.13,12.0,-0.07,-0.5833,1.6858,8115439,97307623.0,5743102000.0,5743102000.0,None
2017-08-28,'603167,²³º£ÂÖ¶É,12.0,12.03,11.64,11.64,11.64,0.36,3.0928,1.9365,9322082,110633962.0,5776800000.0,5776800000.0,None
2017-08-25,'603167,²³º£ÂÖ¶É,11.64,11.7,11.46,11.46,11.45,0.19,1.6594,0.8423,4054799,47057508.0,5603496000.0,5603496000.0,None
2017-08-24,'603167,²³º£ÂÖ¶É,11.45,11.64,11.44,11.56,11.59,-0.14,-1.2079,0.8455,4070381,47052528.0,5512030000.0,5512030000.0,None
2017-08-23,'603167,²³º£ÂÖ¶É,11.59,11.83,11.56,11.77,11.81,-0.22,-1.8628,1.8472,8892270,103675675.0,5579426000.0,5579426000.0,None
2017-08-22,'603167,²³º£ÂÖ¶É,11.81,12.11,11.72,12.03,12.03,-0.22,-1.8288,1.3566,6530788,77811917.0,5685334000.0,5685334000.0,None
2017-08-21,'603167,²³º£ÂÖ¶É,12.03,12.18,11.93,12.0,11.99,0.04,0.3336,1.785,8593196,103365354.0,5791242000.0,5791242000.0,None
2017-08-18,'603167,²³º£ÂÖ¶É,11.99,12.1,11.68,11.75,11.85,0.14,1.1814,2.2012,10596589,126448629.0,5771986000.0,5771986000.0,None
2017-08-17,'603167,²³º£ÂÖ¶É,11.85,11.86,11.67,11.74,11.75,0.1,0.8511,1.8376,8846290,103898816.0,5704590000.0,5704590000.0,None
2017-08-16,'603167,²³º£ÂÖ¶É,11.75,11.89,11.74,11.89,11.88,-0.13,-1.0943,1.1009,5299700,62550678.0,5656450000.0,5656450000.0,None
2017-08-15,'603167,²³º£ÂÖ¶É,11.88,11.91,11.72,11.82,11.83,0.05,0.4227,1.1549,5559631,65726106.0,5719032000.0,5719032000.0,None
2017-08-14,'603167,²³º£ÂÖ¶É,11.83,11.85,11.57,11.63,11.69,0.14,1.1976,1.6776,8075961,94828263.0,5694962000.0,5694962000.0,None
2017-08-11,'603167,²³º£ÂÖ¶É,11.69,12.15,11.51,12.1,12.21,-0.52,-4.2588,3.2015,15411879,183875737.0,5627566000.0,5627566000.0,None
2017-08-10,'603167,²³º£ÂÖ¶É,12.21,12.28,11.79,11.86,11.86,0.35,2.9511,4.5825,22060233,265961577.0,5877894000.0,5877894000.0,None
2017-08-09,'603167,²³º£ÂÖ¶É,11.86,11.89,11.74,11.8,11.83,0.03,0.2536,1.398,6729800,79565058.0,5709404000.0,5709404000.0,None
2017-08-08,'603167,²³º£ÂÖ¶É,11.83,11.99,11.73,11.93,11.98,-0.15,-1.2521,1.6584,7983682,94475772.0,5694962000.0,5694962000.0,None
2017-08-07,'603167,²³º£ÂÖ¶É,11.98,11.99,11.62,11.67,11.67,0.31,2.6564,1.9151,9219198,108978256.0,5767172000.0,5767172000.0,None
2017-08-04,'603167,²³º£ÂÖ¶É,11.67,11.85,11.65,11.73,11.73,-0.06,-0.5115,1.7041,8203522,96265359.0,5617938000.0,5617938000.0,None
2017-08-03,'603167,²³º£ÂÖ¶É,11.73,11.75,11.56,11.6,11.66,0.07,0.6003,1.8326,8822230,102955522.0,5646822000.0,5646822000.0,None
2017-08-02,'603167,²³º£ÂÖ¶É,11.66,11.99,11.64,11.96,11.95,-0.29,-2.4268,2.4389,11740969,137839171.0,5613124000.0,5613124000.0,None
2017-08-01,'603167,²³º£ÂÖ¶É,11.95,12.14,11.86,11.88,11.9,0.05,0.4202,3.2797,15788633,189494741.0,5752730000.0,5752730000.0,None
2017-07-31,'603167,²³º£ÂÖ¶É,11.9,11.96,11.63,11.72,11.77,0.13,1.1045,2.7381,13181038,155848891.0,5728660000.0,5728660000.0,None
2017-07-28,'603167,²³º£ÂÖ¶É,11.77,11.97,11.74,11.9,12.03,-0.26,-2.1613,2.0284,9764903,115514791.0,5666078000.0,5666078000.0,None
2017-07-27,'603167,²³º£ÂÖ¶É,12.03,12.04,11.66,11.82,11.84,0.19,1.6047,3.2847,15812481,187489222.0,5791242000.0,5791242000.0,None
2017-07-26,'603167,²³º£ÂÖ¶É,11.84,12.14,11.69,11.9,11.91,-0.07,-0.5877,3.4779,16742707,198824022.0,5699776000.0,5699776000.0,None
2017-07-25,'603167,²³º£ÂÖ¶É,11.91,12.13,11.78,12.0,12.14,-0.23,-1.8946,3.703,17826207,212559975.0,5733474000.0,5733474000.0,None
2017-07-24,'603167,²³º£ÂÖ¶É,12.14,12.66,11.91,11.91,11.87,0.27,2.2746,6.4914,31249551,383392507.0,5844196000.0,5844196000.0,None
2017-07-21,'603167,²³º£ÂÖ¶É,11.87,11.96,11.44,11.48,11.55,0.32,2.7706,3.342,16088327,190190876.0,5714218000.0,5714218000.0,None
2017-07-20,'603167,²³º£ÂÖ¶É,11.55,11.69,11.46,11.59,11.59,-0.04,-0.3451,1.888,9088644,104903696.0,5560170000.0,5560170000.0,None
2017-07-19,'603167,²³º£ÂÖ¶É,11.59,11.64,11.01,11.01,11.08,0.51,4.6029,3.2989,15880973,181481666.0,5579426000.0,5579426000.0,None
2017-07-18,'603167,²³º£ÂÖ¶É,11.08,11.09,10.87,10.88,10.93,0.15,1.3724,1.4253,6861347,75299397.0,5333912000.0,5333912000.0,None
2017-07-17,'603167,²³º£ÂÖ¶É,10.93,11.39,10.9,11.37,11.36,-0.43,-3.7852,2.5773,12407284,137978737.0,5261702000.0,5261702000.0,None
2017-07-14,'603167,²³º£ÂÖ¶É,11.36,11.39,11.04,11.04,11.04,0.32,2.8986,2.1905,10545044,118934751.0,5468704000.0,5468704000.0,None
2017-07-13,'603167,²³º£ÂÖ¶É,11.04,11.14,10.99,11.01,11.04,0.0,0.0,1.4048,6762700,74811891.0,5314656000.0,5314656000.0,None
2017-07-12,'603167,²³º£ÂÖ¶É,11.04,11.16,10.86,11.03,11.07,-0.03,-0.271,1.5077,7257937,79822528.0,5314656000.0,5314656000.0,None
2017-07-11,'603167,²³º£ÂÖ¶É,11.07,11.38,11.03,11.25,11.18,-0.11,-0.9839,1.9698,9482609,106698396.0,5329098000.0,5329098000.0,None
2017-07-10,'603167,²³º£ÂÖ¶É,11.18,11.36,11.0,11.32,11.33,-0.15,-1.3239,2.0428,9834166,109897991.0,5382052000.0,5382052000.0,None
2017-07-07,'603167,²³º£ÂÖ¶É,11.33,11.35,11.18,11.23,11.22,0.11,0.9804,1.2587,6059616,68361881.0,5454262000.0,5454262000.0,None
2017-07-06,'603167,²³º£ÂÖ¶É,11.22,11.24,11.09,11.17,11.16,0.06,0.5376,1.1562,5565851,62198986.0,5401308000.0,5401308000.0,None
2017-07-05,'603167,²³º£ÂÖ¶É,11.16,11.18,11.0,11.06,11.07,0.09,0.813,1.1719,5641467,62651577.0,5372424000.0,5372424000.0,None
2017-07-04,'603167,²³º£ÂÖ¶É,11.07,11.11,10.97,11.06,11.05,0.02,0.181,1.0183,4902238,54144069.0,5329098000.0,5329098000.0,None
2017-07-03,'603167,²³º£ÂÖ¶É,11.05,11.09,10.82,10.86,10.87,0.18,1.6559,1.4811,7130057,78508190.0,5319470000.0,5319470000.0,None
2017-06-30,'603167,²³º£ÂÖ¶É,10.87,10.88,10.73,10.81,10.83,0.04,0.3693,0.9631,4636523,50089116.0,5232818000.0,5232818000.0,None
2017-06-29,'603167,²³º£ÂÖ¶É,10.83,10.98,10.81,10.9,10.9,-0.07,-0.6422,0.8174,3934977,42714208.0,5213562000.0,5213562000.0,None
2017-06-28,'603167,²³º£ÂÖ¶É,10.9,10.93,10.81,10.87,10.91,-0.01,-0.0917,0.7625,3670586,39881773.0,5247260000.0,5247260000.0,None
2017-06-27,'603167,²³º£ÂÖ¶É,10.91,11.03,10.88,10.88,10.91,0.0,0.0,0.9575,4609254,50541956.0,5252074000.0,5252074000.0,None
2017-06-26,'603167,²³º£ÂÖ¶É,10.91,10.93,10.69,10.7,10.7,0.21,1.9626,1.3279,6392455,69437306.0,5252074000.0,5252074000.0,None
2017-06-23,'603167,²³º£ÂÖ¶É,10.7,10.77,10.52,10.58,10.58,0.12,1.1342,0.8884,4276541,45514359.0,5150980000.0,5150980000.0,None
2017-06-22,'603167,²³º£ÂÖ¶É,10.58,10.83,10.56,10.8,10.8,-0.22,-2.037,0.7572,3645367,39119700.0,5093212000.0,5093212000.0,None
2017-06-21,'603167,²³º£ÂÖ¶É,10.8,10.81,10.68,10.73,10.71,0.09,0.8403,0.8955,4311020,46340726.0,5199120000.0,5199120000.0,None
2017-06-20,'603167,²³º£ÂÖ¶É,10.71,10.72,10.65,10.7,10.7,0.01,0.0935,0.6834,3290086,35197658.0,5155794000.0,5155794000.0,None
2017-06-19,'603167,²³º£ÂÖ¶É,10.7,10.72,10.52,10.55,10.55,0.15,1.4218,0.8742,4208445,44765635.0,5150980000.0,5150980000.0,None
2017-06-16,'603167,²³º£ÂÖ¶É,10.55,10.6,10.47,10.58,10.58,-0.03,-0.2836,0.6391,3076712,32382468.0,5078770000.0,5078770000.0,None
2017-06-15,'603167,²³º£ÂÖ¶É,10.58,10.65,10.52,10.57,10.57,0.01,0.0946,0.9325,4488954,47496295.0,5093212000.0,5093212000.0,None
2017-06-14,'603167,XD²³º£ÂÖ,10.57,10.77,10.55,10.69,10.53,0.04,0.3799,1.355,6522994,69488658.0,5088398000.0,5088398000.0,None
2017-06-13,'603167,²³º£ÂÖ¶É,10.78,10.79,10.64,10.65,10.68,0.1,0.9363,0.8795,4233746,45539390.0,5189492000.0,5189492000.0,None
2017-06-12,'603167,²³º£ÂÖ¶É,10.68,10.78,10.66,10.72,10.73,-0.05,-0.466,0.9783,4709431,50596372.0,5141352000.0,5141352000.0,None
2017-06-09,'603167,²³º£ÂÖ¶É,10.73,10.78,10.66,10.72,10.72,0.01,0.0933,0.5004,2408910,25753863.0,5165422000.0,5165422000.0,None
2017-06-08,'603167,²³º£ÂÖ¶É,10.72,10.75,10.63,10.7,10.69,0.03,0.2806,0.8251,3972112,42458540.0,5160608000.0,5160608000.0,None
2017-06-07,'603167,²³º£ÂÖ¶É,10.69,10.71,10.51,10.58,10.56,0.13,1.2311,0.7718,3715578,39588499.0,5146166000.0,5146166000.0,None
2017-06-06,'603167,²³º£ÂÖ¶É,10.56,10.62,10.45,10.55,10.52,0.04,0.3802,0.6148,2959471,31203837.0,5083584000.0,5083584000.0,None
2017-06-05,'603167,²³º£ÂÖ¶É,10.52,10.55,10.27,10.3,10.29,0.23,2.2352,1.2713,6120228,63997812.0,5064328000.0,5064328000.0,None
2017-06-02,'603167,²³º£ÂÖ¶É,10.29,10.3,10.08,10.17,10.17,0.12,1.1799,0.6586,3170443,32315499.0,4953606000.0,4953606000.0,None
2017-06-01,'603167,²³º£ÂÖ¶É,10.17,10.34,10.1,10.32,10.33,-0.16,-1.5489,0.8219,3956544,40476767.0,4895838000.0,4895838000.0,None
2017-05-31,'603167,²³º£ÂÖ¶É,10.33,10.59,10.31,10.52,10.41,-0.08,-0.7685,1.0501,5055000,52824237.0,4972862000.0,4972862000.0,None
2017-05-26,'603167,²³º£ÂÖ¶É,10.41,10.45,10.36,10.45,10.39,0.02,0.1925,0.4809,2315141,24091273.0,5011374000.0,5011374000.0,None
2017-05-25,'603167,²³º£ÂÖ¶É,10.39,10.45,10.14,10.21,10.21,0.18,1.763,1.0643,5123700,52757162.0,5001746000.0,5001746000.0,None
2017-05-24,'603167,²³º£ÂÖ¶É,10.21,10.3,10.06,10.14,10.19,0.02,0.1963,0.8266,3979449,40452248.0,4915094000.0,4915094000.0,None
2017-05-23,'603167,²³º£ÂÖ¶É,10.19,10.54,10.15,10.53,10.49,-0.3,-2.8599,1.1232,5406934,55949408.0,4905466000.0,4905466000.0,None
2017-05-22,'603167,²³º£ÂÖ¶É,10.49,10.82,10.47,10.74,10.74,-0.25,-2.3277,0.9169,4413752,46965194.0,5049886000.0,5049886000.0,None
2017-05-19,'603167,²³º£ÂÖ¶É,10.74,10.85,10.66,10.66,10.67,0.07,0.656,1.0201,4910536,52938868.0,5170236000.0,5170236000.0,None
2017-05-18,'603167,²³º£ÂÖ¶É,10.67,10.75,10.62,10.64,10.74,-0.07,-0.6518,0.5302,2552605,27282509.0,5136538000.0,5136538000.0,None
2017-05-17,'603167,²³º£ÂÖ¶É,10.74,10.82,10.68,10.7,10.73,0.01,0.0932,0.8499,4091480,43985267.0,5170236000.0,5170236000.0,None
2017-05-16,'603167,²³º£ÂÖ¶É,10.73,10.74,10.37,10.53,10.51,0.22,2.0932,1.1344,5461214,57704509.0,5165422000.0,5165422000.0,None
2017-05-15,'603167,²³º£ÂÖ¶É,10.51,10.61,10.47,10.51,10.53,-0.02,-0.1899,0.6992,3366100,35440213.0,5059514000.0,5059514000.0,None
2017-05-12,'603167,²³º£ÂÖ¶É,10.53,10.65,10.34,10.61,10.62,-0.09,-0.8475,1.0837,5216800,54733789.0,5069142000.0,5069142000.0,None
2017-05-11,'603167,²³º£ÂÖ¶É,10.62,10.65,10.32,10.4,10.48,0.14,1.3359,1.0273,4945604,52004208.0,5112468000.0,5112468000.0,None
2017-05-10,'603167,²³º£ÂÖ¶É,10.48,10.8,10.46,10.73,10.73,-0.25,-2.3299,0.8877,4273351,45648360.0,5045072000.0,5045072000.0,None
2017-05-09,'603167,²³º£ÂÖ¶É,10.73,10.74,10.51,10.52,10.57,0.16,1.5137,0.6254,3010447,32012408.0,5165422000.0,5165422000.0,None
2017-05-08,'603167,²³º£ÂÖ¶É,10.57,10.71,10.56,10.6,10.65,-0.08,-0.7512,0.5755,2770363,29454005.0,5088398000.0,5088398000.0,None
2017-05-05,'603167,²³º£ÂÖ¶É,10.65,10.84,10.64,10.81,10.84,-0.19,-1.7528,0.667,3210900,34451032.0,5126910000.0,5126910000.0,None
2017-05-04,'603167,²³º£ÂÖ¶É,10.84,10.92,10.74,10.85,10.88,-0.04,-0.3676,0.8012,3857006,41874247.0,5218376000.0,5218376000.0,None
2017-05-03,'603167,²³º£ÂÖ¶É,10.88,10.9,10.71,10.75,10.72,0.16,1.4925,1.043,5021085,54377922.0,5237632000.0,5237632000.0,None
2017-05-02,'603167,²³º£ÂÖ¶É,10.72,10.87,10.68,10.7,10.77,-0.05,-0.4643,0.9695,4667347,50289494.0,5160608000.0,5160608000.0,None
2017-04-28,'603167,²³º£ÂÖ¶É,10.77,10.83,10.56,10.56,10.46,0.31,2.9637,1.5046,7243205,77841917.0,5184678000.0,5184678000.0,None
2017-04-27,'603167,²³º£ÂÖ¶É,10.46,10.48,10.1,10.4,10.44,0.02,0.1916,1.224,5892381,60534813.0,5035444000.0,5035444000.0,None
2017-04-26,'603167,²³º£ÂÖ¶É,10.44,10.6,10.4,10.48,10.48,-0.04,-0.3817,0.7482,3601616,37839527.0,5025816000.0,5025816000.0,None
2017-04-25,'603167,²³º£ÂÖ¶É,10.48,10.61,10.39,10.54,10.53,-0.05,-0.4748,0.9667,4653913,48951118.0,5045072000.0,5045072000.0,None
2017-04-24,'603167,²³º£ÂÖ¶É,10.53,10.7,10.46,10.65,10.7,-0.17,-1.5888,1.0998,5294356,55922436.0,5069142000.0,5069142000.0,None
2017-04-21,'603167,²³º£ÂÖ¶É,10.7,10.95,10.68,10.9,10.9,-0.2,-1.8349,0.948,4563612,49301992.0,5150980000.0,5150980000.0,None
2017-04-20,'603167,²³º£ÂÖ¶É,10.9,10.96,10.76,10.86,10.9,0.0,0.0,0.9827,4730791,51359028.0,5247260000.0,5247260000.0,None
2017-04-19,'603167,²³º£ÂÖ¶É,10.9,11.03,10.62,11.03,11.03,-0.13,-1.1786,1.6956,8162819,88290975.0,5247260000.0,5247260000.0,None
2017-04-18,'603167,²³º£ÂÖ¶É,11.03,11.26,11.02,11.16,11.17,-0.14,-1.2534,1.542,7423217,82564075.0,5309842000.0,5309842000.0,None
2017-04-17,'603167,²³º£ÂÖ¶É,11.17,11.35,11.0,11.35,11.47,-0.3,-2.6155,2.8166,13559202,151264327.0,5377238000.0,5377238000.0,None
2017-04-14,'603167,²³º£ÂÖ¶É,11.47,11.97,11.41,11.63,11.61,-0.14,-1.2059,4.2273,20350124,238745204.0,5521658000.0,5521658000.0,None
2017-04-13,'603167,²³º£ÂÖ¶É,11.61,11.78,11.3,11.35,11.34,0.27,2.381,2.6979,12987655,150366009.0,5589054000.0,5589054000.0,None
2017-04-12,'603167,²³º£ÂÖ¶É,11.34,11.55,11.31,11.45,11.54,-0.2,-1.7331,1.699,8179072,93504477.0,5459076000.0,5459076000.0,None
2017-04-11,'603167,²³º£ÂÖ¶É,11.54,11.56,11.23,11.42,11.48,0.06,0.5226,2.59,12468140,142263088.0,5555356000.0,5555356000.0,None
2017-04-10,'603167,²³º£ÂÖ¶É,11.48,11.57,11.21,11.28,11.28,0.2,1.773,2.6111,12569845,143610893.0,5526472000.0,5526472000.0,None
2017-04-07,'603167,²³º£ÂÖ¶É,11.28,11.4,11.23,11.32,11.32,-0.04,-0.3534,1.8282,8801079,99612623.0,5430192000.0,5430192000.0,None
2017-04-06,'603167,²³º£ÂÖ¶É,11.32,11.47,11.23,11.31,11.32,0.0,0.0,2.3288,11211042,127176116.0,5449448000.0,5449448000.0,None
2017-04-05,'603167,²³º£ÂÖ¶É,11.32,11.44,10.88,10.89,10.86,0.46,4.2357,2.865,13792208,154196179.0,5449448000.0,5449448000.0,None
2017-03-31,'603167,²³º£ÂÖ¶É,10.86,11.1,10.73,11.05,11.06,-0.2,-1.8083,3.0371,14620480,159415767.0,5228004000.0,5228004000.0,None
2017-03-30,'603167,²³º£ÂÖ¶É,11.06,11.67,11.0,11.4,11.38,-0.32,-2.812,4.6244,22262050,253212336.0,5324284000.0,5324284000.0,None
2017-03-29,'603167,²³º£ÂÖ¶É,11.38,11.72,11.26,11.28,11.29,0.09,0.7972,5.2933,25481800,293183887.0,5478332000.0,5478332000.0,None
2017-03-28,'603167,²³º£ÂÖ¶É,11.29,11.31,11.18,11.3,11.28,0.01,0.0887,1.4963,7203120,80966005.0,5435006000.0,5435006000.0,None
2017-03-27,'603167,²³º£ÂÖ¶É,11.28,11.38,11.22,11.27,11.26,0.02,0.1776,2.7213,13100288,147946304.0,5430192000.0,5430192000.0,None
2017-03-24,'603167,²³º£ÂÖ¶É,11.26,11.27,11.04,11.08,11.09,0.17,1.5329,3.606,17359182,194329329.0,5420564000.0,5420564000.0,None
2017-03-23,'603167,²³º£ÂÖ¶É,11.09,11.12,11.0,11.05,11.07,0.02,0.1807,1.2938,6228485,68981675.0,5338726000.0,5338726000.0,None
2017-03-22,'603167,²³º£ÂÖ¶É,11.07,11.1,10.9,11.07,11.16,-0.09,-0.8065,1.4066,6771407,74551618.0,5329098000.0,5329098000.0,None
2017-03-21,'603167,²³º£ÂÖ¶É,11.16,11.18,11.06,11.09,11.1,0.06,0.5405,1.2481,6008145,66918706.0,5372424000.0,5372424000.0,None
2017-03-20,'603167,²³º£ÂÖ¶É,11.1,11.1,11.01,11.04,11.07,0.03,0.271,0.8827,4249552,46962585.0,5343540000.0,5343540000.0,None
2017-03-17,'603167,²³º£ÂÖ¶É,11.07,11.14,11.0,11.12,11.11,-0.04,-0.36,1.2817,6170125,68364145.0,5329098000.0,5329098000.0,None
2017-03-16,'603167,²³º£ÂÖ¶É,11.11,11.13,11.02,11.02,11.02,0.09,0.8167,1.5425,7425369,82343843.0,5348354000.0,5348354000.0,None
2017-03-15,'603167,²³º£ÂÖ¶É,11.02,11.04,10.96,10.99,11.02,0.0,0.0,0.675,3249682,35744554.0,5305028000.0,5305028000.0,None
2017-03-14,'603167,²³º£ÂÖ¶É,11.02,11.06,10.93,11.06,11.07,-0.05,-0.4517,1.2544,6038897,66416208.0,5305028000.0,5305028000.0,None
2017-03-13,'603167,²³º£ÂÖ¶É,11.07,11.08,10.86,11.0,11.0,0.07,0.6364,0.9971,4800181,52807458.0,5329098000.0,5329098000.0,None
2017-03-10,'603167,²³º£ÂÖ¶É,11.0,11.07,10.99,11.01,11.0,0.0,0.0,0.7474,3597915,39631234.0,5295400000.0,5295400000.0,None
2017-03-09,'603167,²³º£ÂÖ¶É,11.0,11.15,10.99,11.14,11.15,-0.15,-1.3453,1.2971,6244389,68863438.0,5295400000.0,5295400000.0,None
2017-03-08,'603167,²³º£ÂÖ¶É,11.15,11.24,11.08,11.2,11.22,-0.07,-0.6239,1.2217,5881328,65567132.0,5367610000.0,5367610000.0,None
2017-03-07,'603167,²³º£ÂÖ¶É,11.22,11.24,11.14,11.17,11.18,0.04,0.3578,2.1741,10466070,117157309.0,5401308000.0,5401308000.0,None
2017-03-06,'603167,²³º£ÂÖ¶É,11.18,11.19,10.91,10.96,10.96,0.22,2.0073,1.4557,7007880,77524814.0,5382052000.0,5382052000.0,None
2017-03-03,'603167,²³º£ÂÖ¶É,10.96,11.0,10.87,10.98,10.99,-0.03,-0.273,0.9355,4503592,49202987.0,5276144000.0,5276144000.0,None
2017-03-02,'603167,²³º£ÂÖ¶É,10.99,11.14,10.97,11.12,11.12,-0.13,-1.1691,1.0977,5284416,58402492.0,5290586000.0,5290586000.0,None
2017-03-01,'603167,²³º£ÂÖ¶É,11.12,11.16,11.01,11.08,11.06,0.06,0.5425,1.3128,6319978,70250640.0,5353168000.0,5353168000.0,None
2017-02-28,'603167,²³º£ÂÖ¶É,11.06,11.08,10.98,11.05,11.04,0.02,0.1812,0.9629,4635474,51124381.0,5324284000.0,5324284000.0,None
2017-02-27,'603167,²³º£ÂÖ¶É,11.04,11.17,10.97,11.14,11.14,-0.1,-0.8977,1.0431,5021686,55666802.0,5314656000.0,5314656000.0,None
2017-02-24,'603167,²³º£ÂÖ¶É,11.14,11.16,11.05,11.1,11.11,0.03,0.27,1.0162,4891934,54387469.0,5362796000.0,5362796000.0,None
2017-02-23,'603167,²³º£ÂÖ¶É,11.11,11.2,11.06,11.2,11.21,-0.1,-0.8921,1.3439,6469370,71895581.0,5348354000.0,5348354000.0,None
2017-02-22,'603167,²³º£ÂÖ¶É,11.21,11.23,11.08,11.12,11.14,0.07,0.6284,1.7445,8397927,93712667.0,5396494000.0,5396494000.0,None
2017-02-21,'603167,²³º£ÂÖ¶É,11.14,11.2,11.06,11.19,11.11,0.03,0.27,1.7258,8308095,92344522.0,5362796000.0,5362796000.0,None
2017-02-20,'603167,²³º£ÂÖ¶É,11.11,11.11,10.95,10.95,10.95,0.16,1.4612,1.494,7191934,79383724.0,5348354000.0,5348354000.0,None
2017-02-17,'603167,²³º£ÂÖ¶É,10.95,11.09,10.94,10.99,11.0,-0.05,-0.4545,1.724,8299426,91408090.0,5271330000.0,5271330000.0,None
2017-02-16,'603167,²³º£ÂÖ¶É,11.0,11.02,10.82,10.82,10.84,0.16,1.476,1.3182,6345918,69461717.0,5295400000.0,5295400000.0,None
2017-02-15,'603167,²³º£ÂÖ¶É,10.84,11.1,10.72,10.96,10.97,-0.13,-1.1851,1.7117,8240200,90298415.0,5218376000.0,5218376000.0,None
2017-02-14,'603167,²³º£ÂÖ¶É,10.97,11.03,10.94,10.96,10.96,0.01,0.0912,0.9499,4572651,50175221.0,5280958000.0,5280958000.0,None
2017-02-13,'603167,²³º£ÂÖ¶É,10.96,11.02,10.92,11.0,11.02,-0.06,-0.5445,1.3957,6718809,73697081.0,5276144000.0,5276144000.0,None
2017-02-10,'603167,²³º£ÂÖ¶É,11.02,11.09,10.82,10.85,10.82,0.2,1.8484,2.5474,12263396,134856603.0,5305028000.0,5305028000.0,None
2017-02-09,'603167,²³º£ÂÖ¶É,10.82,10.82,10.7,10.73,10.73,0.09,0.8388,1.1326,5452500,58762554.0,5208748000.0,5208748000.0,None
2017-02-08,'603167,²³º£ÂÖ¶É,10.73,10.74,10.57,10.57,10.65,0.08,0.7512,1.032,4967933,53041699.0,5165422000.0,5165422000.0,None
2017-02-07,'603167,²³º£ÂÖ¶É,10.65,10.72,10.59,10.67,10.68,-0.03,-0.2809,0.7386,3555749,37840823.0,5126910000.0,5126910000.0,None
2017-02-06,'603167,²³º£ÂÖ¶É,10.68,10.69,10.55,10.55,10.55,0.13,1.2322,0.6849,3297110,35008718.0,5141352000.0,5141352000.0,None
2017-02-03,'603167,²³º£ÂÖ¶É,10.55,10.7,10.54,10.64,10.67,-0.12,-1.1246,0.5596,2694000,28519611.0,5078770000.0,5078770000.0,None
2017-01-26,'603167,²³º£ÂÖ¶É,10.67,10.7,10.64,10.65,10.65,0.02,0.1878,0.5984,2880525,30730516.0,5136538000.0,5136538000.0,None
2017-01-25,'603167,²³º£ÂÖ¶É,10.65,10.68,10.56,10.6,10.59,0.06,0.5666,0.8344,4016952,42706603.0,5126910000.0,5126910000.0,None
2017-01-24,'603167,²³º£ÂÖ¶É,10.59,10.6,10.5,10.54,10.57,0.02,0.1892,0.6161,2966066,31291289.0,5098026000.0,5098026000.0,None
2017-01-23,'603167,²³º£ÂÖ¶É,10.57,10.6,10.47,10.48,10.5,0.07,0.6667,0.7373,3549348,37466767.0,5088398000.0,5088398000.0,None
2017-01-20,'603167,²³º£ÂÖ¶É,10.5,10.54,10.3,10.32,10.36,0.14,1.3514,0.7318,3523100,36889378.0,5054700000.0,5054700000.0,None
2017-01-19,'603167,²³º£ÂÖ¶É,10.36,10.44,10.32,10.44,10.45,-0.09,-0.8612,0.5756,2771054,28762061.0,4987304000.0,4987304000.0,None
2017-01-18,'603167,²³º£ÂÖ¶É,10.45,10.52,10.37,10.42,10.43,0.02,0.1918,0.7397,3560854,37248772.0,5030630000.0,5030630000.0,None
2017-01-17,'603167,²³º£ÂÖ¶É,10.43,10.46,10.21,10.28,10.34,0.09,0.8704,0.9396,4523096,46804483.0,5021002000.0,5021002000.0,None
2017-01-16,'603167,²³º£ÂÖ¶É,10.34,10.7,9.95,10.63,10.71,-0.37,-3.4547,1.9887,9573821,99609298.0,4977676000.0,4977676000.0,None
2017-01-13,'603167,²³º£ÂÖ¶É,10.71,10.95,10.69,10.92,10.92,-0.21,-1.9231,1.495,7197086,77678017.0,5155794000.0,5155794000.0,None
2017-01-12,'603167,²³º£ÂÖ¶É,10.92,11.02,10.85,10.96,10.97,-0.05,-0.4558,1.2871,6196121,67723862.0,5256888000.0,5256888000.0,None
2017-01-11,'603167,²³º£ÂÖ¶É,10.97,11.11,10.94,11.08,11.09,-0.12,-1.0821,1.6188,7792858,85902792.0,5280958000.0,5280958000.0,None
2017-01-10,'603167,²³º£ÂÖ¶É,11.09,11.24,11.07,11.23,11.24,-0.15,-1.3345,1.7684,8513053,94819298.0,5338726000.0,5338726000.0,None
2017-01-09,'603167,²³º£ÂÖ¶É,11.24,11.26,11.11,11.16,11.2,0.04,0.3571,1.8822,9060910,101496166.0,5410936000.0,5410936000.0,None
2017-01-06,'603167,²³º£ÂÖ¶É,11.2,11.3,11.08,11.18,11.19,0.01,0.0894,2.506,12063830,134768897.0,5391680000.0,5391680000.0,None
2017-01-05,'603167,²³º£ÂÖ¶É,11.19,11.23,10.97,11.01,11.05,0.14,1.267,3.2689,15736697,174902865.0,5386866000.0,5386866000.0,None
2017-01-04,'603167,²³º£ÂÖ¶É,11.05,11.07,10.95,11.03,11.0,0.05,0.4545,1.9845,9553175,105244482.0,5319470000.0,5319470000.0,None
2017-01-03,'603167,²³º£ÂÖ¶É,11.0,11.06,10.86,10.88,10.85,0.15,1.3825,2.2278,10724843,117747665.0,5295400000.0,5295400000.0,None
2016-12-30,'603167,²³º£ÂÖ¶É,10.85,10.96,10.8,10.92,10.91,-0.06,-0.55,2.2836,10993070,119582535.0,5223190000.0,5223190000.0,None
2016-12-29,'603167,²³º£ÂÖ¶É,10.91,11.11,10.89,10.96,11.05,-0.14,-1.267,3.0884,14867506,163303070.0,5252074000.0,5252074000.0,None
2016-12-28,'603167,²³º£ÂÖ¶É,11.05,11.35,10.95,11.26,11.36,-0.31,-2.7289,5.0,24070039,267497258.0,5319470000.0,5319470000.0,None
2016-12-27,'603167,²³º£ÂÖ¶É,11.36,11.78,11.23,11.6,10.71,0.65,6.0691,9.4308,45400015,523046068.0,5468704000.0,5468704000.0,None
2016-12-26,'603167,²³º£ÂÖ¶É,10.71,10.72,10.4,10.53,10.55,0.16,1.5166,1.119,5386848,56850507.0,5155794000.0,5155794000.0,None
2016-12-23,'603167,²³º£ÂÖ¶É,10.55,10.74,10.54,10.65,10.7,-0.15,-1.4019,0.846,4072539,43277013.0,5078770000.0,5078770000.0,None
2016-12-22,'603167,²³º£ÂÖ¶É,10.7,10.74,10.65,10.71,10.73,-0.03,-0.2796,0.7177,3454797,36925652.0,5150980000.0,5150980000.0,None
2016-12-21,'603167,²³º£ÂÖ¶É,10.73,10.76,10.6,10.62,10.61,0.12,1.131,1.0837,5216697,55691933.0,5165422000.0,5165422000.0,None
2016-12-20,'603167,²³º£ÂÖ¶É,10.61,10.67,10.53,10.55,10.55,0.06,0.5687,1.1058,5323323,56498186.0,5107654000.0,5107654000.0,None
2016-12-19,'603167,²³º£ÂÖ¶É,10.55,10.59,10.4,10.54,10.53,0.02,0.1899,0.8231,3962223,41676335.0,5078770000.0,5078770000.0,None
2016-12-16,'603167,²³º£ÂÖ¶É,10.53,10.58,10.37,10.37,10.37,0.16,1.5429,0.8425,4055703,42556666.0,5069142000.0,5069142000.0,None
2016-12-15,'603167,²³º£ÂÖ¶É,10.37,10.47,10.28,10.29,10.3,0.07,0.6796,0.9453,4550500,47208314.0,4992118000.0,4992118000.0,None
2016-12-14,'603167,²³º£ÂÖ¶É,10.3,10.55,10.28,10.52,10.49,-0.19,-1.8112,1.2231,5887891,61292257.0,4958420000.0,4958420000.0,None
2016-12-13,'603167,²³º£ÂÖ¶É,10.49,10.57,10.35,10.45,10.49,0.0,0.0,1.0848,5222023,54706773.0,5049886000.0,5049886000.0,None
2016-12-12,'603167,²³º£ÂÖ¶É,10.49,11.12,10.44,11.09,11.05,-0.56,-5.0679,2.3174,11156121,119743171.0,5049886000.0,5049886000.0,None
2016-12-09,'603167,²³º£ÂÖ¶É,11.05,11.14,10.84,10.85,10.87,0.18,1.6559,1.6827,8100668,89104177.0,5319470000.0,5319470000.0,None
2016-12-08,'603167,²³º£ÂÖ¶É,10.87,10.96,10.85,10.95,10.92,-0.05,-0.4579,0.9445,4546965,49629180.0,5232818000.0,5232818000.0,None
2016-12-07,'603167,²³º£ÂÖ¶É,10.92,10.93,10.8,10.83,10.82,0.1,0.9242,0.8736,4205638,45671162.0,5256888000.0,5256888000.0,None
2016-12-06,'603167,²³º£ÂÖ¶É,10.82,10.89,10.79,10.8,10.81,0.01,0.0925,0.6882,3312992,35868798.0,5208748000.0,5208748000.0,None
2016-12-05,'603167,²³º£ÂÖ¶É,10.81,10.92,10.71,10.71,10.82,-0.01,-0.0924,0.9797,4716304,50996276.0,5203934000.0,5203934000.0,None
2016-12-02,'603167,²³º£ÂÖ¶É,10.82,11.08,10.81,11.03,11.03,-0.21,-1.9039,1.4857,7152285,78105214.0,5208748000.0,5208748000.0,None
2016-12-01,'603167,²³º£ÂÖ¶É,11.03,11.11,10.97,11.01,11.01,0.02,0.1817,1.2522,6027923,66532347.0,5309842000.0,5309842000.0,None
2016-11-30,'603167,²³º£ÂÖ¶É,11.01,11.24,10.98,11.15,11.19,-0.18,-1.6086,1.9597,9433798,104607677.0,5300214000.0,5300214000.0,None
2016-11-29,'603167,²³º£ÂÖ¶É,11.19,11.3,11.15,11.26,11.27,-0.08,-0.7098,1.8441,8877597,99622751.0,5386866000.0,5386866000.0,None
2016-11-28,'603167,²³º£ÂÖ¶É,11.27,11.33,11.18,11.24,11.22,0.05,0.4456,1.7095,8229734,92751588.0,5425378000.0,5425378000.0,None
2016-11-25,'603167,²³º£ÂÖ¶É,11.22,11.23,10.97,11.18,11.14,0.08,0.7181,1.82,8761621,97217084.0,5401308000.0,5401308000.0,None
2016-11-24,'603167,²³º£ÂÖ¶É,11.14,11.25,11.09,11.18,11.19,-0.05,-0.4468,1.5594,7506772,83923643.0,5362796000.0,5362796000.0,None
2016-11-23,'603167,²³º£ÂÖ¶É,11.19,11.42,11.16,11.4,11.4,-0.21,-1.8421,2.0938,10079749,113679451.0,5386866000.0,5386866000.0,None
2016-11-22,'603167,²³º£ÂÖ¶É,11.4,11.42,11.29,11.33,11.33,0.07,0.6178,1.8042,8685426,98509156.0,5487960000.0,5487960000.0,None
2016-11-21,'603167,²³º£ÂÖ¶É,11.33,11.35,11.12,11.22,11.25,0.08,0.7111,1.6782,8079093,90908340.0,5454262000.0,5454262000.0,None
2016-11-18,'603167,²³º£ÂÖ¶É,11.25,11.32,11.2,11.32,11.39,-0.14,-1.2291,2.2535,10848144,122002703.0,5415750000.0,5415750000.0,None
2016-11-17,'603167,²³º£ÂÖ¶É,11.39,11.56,11.33,11.41,11.36,0.03,0.2641,2.3297,11215032,128278258.0,5483146000.0,5483146000.0,None
2016-11-16,'603167,²³º£ÂÖ¶É,11.36,11.48,11.3,11.36,11.36,0.0,0.0,2.1353,10279415,116837388.0,5468704000.0,5468704000.0,None
2016-11-15,'603167,²³º£ÂÖ¶É,11.36,11.86,11.36,11.66,11.33,0.03,0.2648,4.2603,20509178,236245749.0,5468704000.0,5468704000.0,None
2016-11-14,'603167,²³º£ÂÖ¶É,11.33,11.45,11.17,11.21,11.27,0.06,0.5324,2.8703,13817739,156139644.0,5454262000.0,5454262000.0,None
2016-11-11,'603167,²³º£ÂÖ¶É,11.27,11.34,11.1,11.16,11.17,0.1,0.8953,2.7375,13178497,147874941.0,5425378000.0,5425378000.0,None
2016-11-10,'603167,²³º£ÂÖ¶É,11.17,11.21,11.02,11.04,10.95,0.22,2.0091,2.7403,13191658,146884195.0,5377238000.0,5377238000.0,None
2016-11-09,'603167,²³º£ÂÖ¶É,10.95,11.17,10.85,10.99,10.98,-0.03,-0.2732,2.6166,12596493,138799340.0,5271330000.0,5271330000.0,None
2016-11-08,'603167,²³º£ÂÖ¶É,10.98,11.03,10.92,10.95,10.89,0.09,0.8264,1.7877,8605808,94467595.0,5285772000.0,5285772000.0,None
2016-11-07,'603167,²³º£ÂÖ¶É,10.89,10.95,10.84,10.88,10.87,0.02,0.184,0.998,4804263,52326046.0,5242446000.0,5242446000.0,None
2016-11-04,'603167,²³º£ÂÖ¶É,10.87,10.98,10.82,10.92,10.96,-0.09,-0.8212,1.8021,8675152,94476537.0,5232818000.0,5232818000.0,None
2016-11-03,'603167,²³º£ÂÖ¶É,10.96,11.11,10.81,10.86,10.83,0.13,1.2004,2.3186,11161707,122732383.0,5276144000.0,5276144000.0,None
2016-11-02,'603167,²³º£ÂÖ¶É,10.83,11.01,10.8,10.91,10.93,-0.1,-0.9149,1.634,7865838,85790872.0,5213562000.0,5213562000.0,None
2016-11-01,'603167,²³º£ÂÖ¶É,10.93,10.94,10.84,10.86,10.87,0.06,0.552,1.2869,6195070,67531340.0,5261702000.0,5261702000.0,None
2016-10-31,'603167,²³º£ÂÖ¶É,10.87,10.91,10.77,10.9,10.91,-0.04,-0.3666,1.056,5083403,55134403.0,5232818000.0,5232818000.0,None
2016-10-28,'603167,²³º£ÂÖ¶É,10.91,11.06,10.86,11.01,11.01,-0.1,-0.9083,1.4865,7156214,78228801.0,5252074000.0,5252074000.0,None
2016-10-27,'603167,²³º£ÂÖ¶É,11.01,11.18,10.97,11.15,11.23,-0.22,-1.959,2.6688,12847603,141838349.0,5300214000.0,5300214000.0,None
2016-10-26,'603167,²³º£ÂÖ¶É,11.23,11.31,10.92,10.95,10.92,0.31,2.8388,5.2348,25200531,279506355.0,5406122000.0,5406122000.0,None
2016-10-25,'603167,²³º£ÂÖ¶É,10.92,10.96,10.85,10.88,10.87,0.05,0.46,1.2265,5904306,64441521.0,5256888000.0,5256888000.0,None
2016-10-24,'603167,²³º£ÂÖ¶É,10.87,10.92,10.76,10.83,10.83,0.04,0.3693,1.7302,8329219,90522647.0,5232818000.0,5232818000.0,None
2016-10-21,'603167,²³º£ÂÖ¶É,10.83,10.95,10.71,10.92,10.94,-0.11,-1.0055,1.4446,6954065,75353548.0,5213562000.0,5213562000.0,None
2016-10-20,'603167,²³º£ÂÖ¶É,10.94,11.09,10.86,10.87,10.88,0.06,0.5515,1.9401,9339860,102488057.0,5266516000.0,5266516000.0,None
2016-10-19,'603167,²³º£ÂÖ¶É,10.88,10.96,10.84,10.92,10.91,-0.03,-0.275,1.2596,6063686,66053111.0,5237632000.0,5237632000.0,None
2016-10-18,'603167,²³º£ÂÖ¶É,10.91,10.94,10.7,10.71,10.71,0.2,1.8674,1.6819,8096546,87815891.0,5252074000.0,5252074000.0,None
2016-10-17,'603167,²³º£ÂÖ¶É,10.71,10.92,10.66,10.83,10.84,-0.13,-1.1993,1.3984,6732072,72603919.0,5155794000.0,5155794000.0,None
2016-10-14,'603167,²³º£ÂÖ¶É,10.84,10.93,10.72,10.88,10.94,-0.1,-0.9141,1.5501,7462387,80651157.0,5218376000.0,5218376000.0,None
2016-10-13,'603167,²³º£ÂÖ¶É,10.94,11.04,10.88,10.91,10.91,0.03,0.275,2.0385,9813143,107503602.0,5266516000.0,5266516000.0,None
2016-10-12,'603167,²³º£ÂÖ¶É,10.91,10.99,10.85,10.88,11.02,-0.11,-0.9982,1.7484,8417011,91911310.0,5252074000.0,5252074000.0,None
2016-10-11,'603167,²³º£ÂÖ¶É,11.02,11.09,10.85,10.92,11.03,-0.01,-0.0907,4.1101,19786000,216673322.0,5305028000.0,5305028000.0,None
2016-10-10,'603167,²³º£ÂÖ¶É,11.03,11.2,10.38,10.41,10.38,0.65,6.262,5.1534,24808266,268873734.0,5309842000.0,5309842000.0,None
2016-09-30,'603167,²³º£ÂÖ¶É,10.38,10.4,10.28,10.32,10.32,0.06,0.5814,0.7019,3378829,34924291.0,4996932000.0,4996932000.0,None
2016-09-29,'603167,²³º£ÂÖ¶É,10.32,10.35,10.23,10.25,10.22,0.1,0.9785,0.7595,3656279,37716247.0,4968048000.0,4968048000.0,None
2016-09-28,'603167,²³º£ÂÖ¶É,10.22,10.29,10.19,10.24,10.21,0.01,0.0979,0.6224,2996046,30654759.0,4919908000.0,4919908000.0,None
2016-09-27,'603167,²³º£ÂÖ¶É,10.21,10.22,10.1,10.17,10.12,0.09,0.8893,0.6635,3194030,32437960.0,4915094000.0,4915094000.0,None
2016-09-26,'603167,²³º£ÂÖ¶É,10.12,10.4,10.11,10.39,10.39,-0.27,-2.5987,1.1877,5717590,58598946.0,4871768000.0,4871768000.0,None
2016-09-23,'603167,²³º£ÂÖ¶É,10.39,10.44,10.36,10.41,10.39,0.0,0.0,0.7373,3549393,36857400.0,5001746000.0,5001746000.0,None
2016-09-22,'603167,²³º£ÂÖ¶É,10.39,10.49,10.37,10.44,10.37,0.02,0.1929,1.0355,4984743,51979274.0,5001746000.0,5001746000.0,None
2016-09-21,'603167,²³º£ÂÖ¶É,10.37,10.42,10.32,10.33,10.33,0.04,0.3872,0.7299,3513564,36451123.0,4992118000.0,4992118000.0,None
2016-09-20,'603167,²³º£ÂÖ¶É,10.33,10.37,10.3,10.31,10.31,0.02,0.194,0.7819,3764103,38884408.0,4972862000.0,4972862000.0,None
2016-09-19,'603167,²³º£ÂÖ¶É,10.31,10.33,10.24,10.25,10.23,0.08,0.782,0.7038,3387922,34874424.0,4963234000.0,4963234000.0,None
2016-09-14,'603167,²³º£ÂÖ¶É,10.23,10.33,10.23,10.28,10.31,-0.08,-0.7759,0.7873,3790210,38956999.0,4924722000.0,4924722000.0,None
2016-09-13,'603167,²³º£ÂÖ¶É,10.31,10.33,10.21,10.29,10.19,0.12,1.1776,0.9642,4641498,47657776.0,4963234000.0,4963234000.0,None
2016-09-12,'603167,²³º£ÂÖ¶É,10.19,10.48,10.18,10.33,10.52,-0.33,-3.1369,2.1946,10564766,108942283.0,4905466000.0,4905466000.0,None
2016-09-09,'603167,²³º£ÂÖ¶É,10.52,10.69,10.51,10.66,10.65,-0.13,-1.2207,1.4552,7005289,74205851.0,5064328000.0,5064328000.0,None
2016-09-08,'603167,²³º£ÂÖ¶É,10.65,10.67,10.53,10.58,10.57,0.08,0.7569,1.7385,8369329,88656433.0,5126910000.0,5126910000.0,None
2016-09-07,'603167,²³º£ÂÖ¶É,10.57,10.62,10.52,10.56,10.57,0.0,0.0,1.9421,9349314,98953363.0,5088398000.0,5088398000.0,None
2016-09-06,'603167,²³º£ÂÖ¶É,10.57,10.57,10.3,10.4,10.41,0.16,1.537,1.7856,8595640,89771559.0,5088398000.0,5088398000.0,None
2016-09-05,'603167,²³º£ÂÖ¶É,10.41,10.44,10.36,10.38,10.38,0.03,0.289,1.1022,5305801,55149036.0,5011374000.0,5011374000.0,None
2016-09-02,'603167,²³º£ÂÖ¶É,10.38,10.41,10.3,10.35,10.38,0.0,0.0,1.3969,6724661,69648691.0,4996932000.0,4996932000.0,None
2016-09-01,'603167,²³º£ÂÖ¶É,10.38,10.63,10.37,10.52,10.5,-0.12,-1.1429,1.9238,9261100,97220818.0,4996932000.0,4996932000.0,None
2016-08-31,'603167,²³º£ÂÖ¶É,10.5,10.53,10.42,10.48,10.48,0.02,0.1908,1.3342,6422793,67253828.0,5054700000.0,5054700000.0,None
2016-08-30,'603167,²³º£ÂÖ¶É,10.48,10.7,10.43,10.66,10.69,-0.21,-1.9645,2.7465,13221675,139169012.0,5045072000.0,5045072000.0,None
2016-08-29,'603167,²³º£ÂÖ¶É,10.69,10.76,10.5,10.5,10.58,0.11,1.0397,2.8992,13956913,148854957.0,5146166000.0,5146166000.0,None
2016-08-26,'603167,²³º£ÂÖ¶É,10.58,10.78,10.48,10.48,10.36,0.22,2.1236,3.96,19063384,202931194.0,5093212000.0,5093212000.0,None
2016-08-25,'603167,²³º£ÂÖ¶É,10.36,10.42,10.28,10.41,10.42,-0.06,-0.5758,1.641,7899863,81633362.0,4987304000.0,4987304000.0,None
2016-08-24,'603167,²³º£ÂÖ¶É,10.42,10.53,10.41,10.45,10.48,-0.06,-0.5725,1.0466,5038252,52741568.0,5016188000.0,5016188000.0,None
2016-08-23,'603167,²³º£ÂÖ¶É,10.48,10.57,10.4,10.4,10.42,0.06,0.5758,1.373,6609487,69249016.0,5045072000.0,5045072000.0,None
2016-08-22,'603167,²³º£ÂÖ¶É,10.42,10.52,10.41,10.47,10.49,-0.07,-0.6673,1.1133,5359468,56033097.0,5016188000.0,5016188000.0,None
2016-08-19,'603167,²³º£ÂÖ¶É,10.49,10.52,10.39,10.5,10.48,0.01,0.0954,1.1437,5505605,57534834.0,5049886000.0,5049886000.0,None
2016-08-18,'603167,²³º£ÂÖ¶É,10.48,10.72,10.43,10.56,10.55,-0.07,-0.6635,2.0144,9697408,102223052.0,5045072000.0,5045072000.0,None
2016-08-17,'603167,²³º£ÂÖ¶É,10.55,10.63,10.45,10.51,10.51,0.04,0.3806,2.1569,10383431,109488897.0,5078770000.0,5078770000.0,None
2016-08-16,'603167,²³º£ÂÖ¶É,10.51,10.59,10.42,10.55,10.51,0.0,0.0,2.3601,11361368,119329273.0,5059514000.0,5059514000.0,None
2016-08-15,'603167,²³º£ÂÖ¶É,10.51,10.54,10.26,10.28,10.29,0.22,2.138,3.6392,17518992,182758395.0,5059514000.0,5059514000.0,None
2016-08-12,'603167,²³º£ÂÖ¶É,10.29,10.3,10.1,10.12,10.12,0.17,1.6798,1.3978,6728985,68544178.0,4953606000.0,4953606000.0,None
2016-08-11,'603167,²³º£ÂÖ¶É,10.12,10.34,10.11,10.26,10.29,-0.17,-1.6521,1.5839,7625096,77825276.0,4871768000.0,4871768000.0,None
2016-08-10,'603167,²³º£ÂÖ¶É,10.29,10.42,10.22,10.35,10.38,-0.09,-0.8671,2.003,9642306,99287566.0,4953606000.0,4953606000.0,None
2016-08-09,'603167,²³º£ÂÖ¶É,10.38,10.39,10.05,10.07,10.08,0.3,2.9762,3.4654,16682329,171682039.0,4996932000.0,4996932000.0,None
2016-08-08,'603167,²³º£ÂÖ¶É,10.08,10.09,9.9,9.95,9.97,0.11,1.1033,1.0474,5042236,50444387.0,4852512000.0,4852512000.0,None
2016-08-05,'603167,²³º£ÂÖ¶É,9.97,10.06,9.97,10.03,10.03,-0.06,-0.5982,0.9032,4347886,43509854.0,4799558000.0,4799558000.0,None
2016-08-04,'603167,²³º£ÂÖ¶É,10.03,10.05,9.89,9.97,9.97,0.06,0.6018,0.9874,4753566,47379141.0,4828442000.0,4828442000.0,None
2016-08-03,'603167,²³º£ÂÖ¶É,9.97,9.98,9.85,9.88,9.91,0.06,0.6054,0.9761,4698996,46686344.0,4799558000.0,4799558000.0,None
2016-08-02,'603167,²³º£ÂÖ¶É,9.91,9.92,9.78,9.8,9.81,0.1,1.0194,0.8695,4185906,41259708.0,4770674000.0,4770674000.0,None
2016-08-01,'603167,²³º£ÂÖ¶É,9.81,10.0,9.72,9.94,9.97,-0.16,-1.6048,1.4948,7196153,70702864.0,4722534000.0,4722534000.0,None
2016-07-29,'603167,²³º£ÂÖ¶É,9.97,10.1,9.88,9.99,10.02,-0.05,-0.499,1.6808,8091227,80718417.0,4799558000.0,4799558000.0,None
2016-07-28,'603167,²³º£ÂÖ¶É,10.02,10.05,9.88,9.93,9.93,0.09,0.9063,1.618,7789029,77640157.0,4823628000.0,4823628000.0,None
2016-07-27,'603167,²³º£ÂÖ¶É,9.93,10.47,9.88,10.34,10.34,-0.41,-3.9652,3.2983,15878023,161210774.0,4780302000.0,4780302000.0,None
2016-07-26,'603167,²³º£ÂÖ¶É,10.34,10.35,10.1,10.11,10.11,0.23,2.275,2.3832,11472641,117802240.0,4977676000.0,4977676000.0,None
2016-07-25,'603167,²³º£ÂÖ¶É,10.11,10.16,10.05,10.06,10.05,0.06,0.597,1.0125,4874370,49276358.0,4866954000.0,4866954000.0,None
2016-07-22,'603167,²³º£ÂÖ¶É,10.05,10.24,10.04,10.24,10.21,-0.16,-1.5671,1.6125,7762545,78520044.0,4838070000.0,4838070000.0,None
2016-07-21,'603167,²³º£ÂÖ¶É,10.21,10.28,10.12,10.17,10.16,0.05,0.4921,1.6147,7773258,79397690.0,4915094000.0,4915094000.0,None
2016-07-20,'603167,²³º£ÂÖ¶É,10.16,10.25,10.09,10.14,10.17,-0.01,-0.0983,1.3346,6424580,65292549.0,4891024000.0,4891024000.0,None
2016-07-19,'603167,²³º£ÂÖ¶É,10.17,10.17,10.06,10.13,10.14,0.03,0.2959,1.4187,6829802,69062538.0,4895838000.0,4895838000.0,None
2016-07-18,'603167,²³º£ÂÖ¶É,10.14,10.25,10.07,10.21,10.25,-0.11,-1.0732,1.6531,7958055,80674326.0,4881396000.0,4881396000.0,None
2016-07-15,'603167,²³º£ÂÖ¶É,10.25,10.4,10.21,10.4,10.37,-0.12,-1.1572,1.8947,9120870,93756970.0,4934350000.0,4934350000.0,None
2016-07-14,'603167,²³º£ÂÖ¶É,10.37,10.45,10.18,10.22,10.23,0.14,1.3685,2.2563,10861801,112312136.0,4992118000.0,4992118000.0,None
2016-07-13,'603167,²³º£ÂÖ¶É,10.23,10.33,10.17,10.19,10.19,0.04,0.3925,2.0409,9824854,100591786.0,4924722000.0,4924722000.0,None
2016-07-12,'603167,²³º£ÂÖ¶É,10.19,10.19,9.94,10.12,10.12,0.07,0.6917,2.3151,11145052,112450109.0,4905466000.0,4905466000.0,None
2016-07-11,'603167,²³º£ÂÖ¶É,10.12,10.27,10.11,10.17,10.18,-0.06,-0.5894,1.7526,8436787,85900510.0,4871768000.0,4871768000.0,None
2016-07-08,'603167,²³º£ÂÖ¶É,10.18,10.23,10.11,10.2,10.19,-0.01,-0.0981,1.3002,6259277,63699581.0,4900652000.0,4900652000.0,None
2016-07-07,'603167,²³º£ÂÖ¶É,10.19,10.34,10.11,10.16,10.21,-0.02,-0.1959,1.874,9021449,92107046.0,4905466000.0,4905466000.0,None
2016-07-06,'603167,²³º£ÂÖ¶É,10.21,10.23,10.12,10.22,10.22,-0.01,-0.0978,1.7484,8416905,85699729.0,4915094000.0,4915094000.0,None
2016-07-05,'603167,²³º£ÂÖ¶É,10.22,10.28,10.09,10.15,10.13,0.09,0.8885,2.1285,10246680,104564593.0,4919908000.0,4919908000.0,None
2016-07-04,'603167,²³º£ÂÖ¶É,10.13,10.19,9.81,9.88,9.91,0.22,2.22,2.3953,11530924,116215904.0,4876582000.0,4876582000.0,None
2016-07-01,'603167,²³º£ÂÖ¶É,9.91,10.05,9.87,9.99,9.95,-0.04,-0.402,1.4171,6822002,67923225.0,4770674000.0,4770674000.0,None
2016-06-30,'603167,²³º£ÂÖ¶É,9.95,10.06,9.9,10.05,10.0,-0.05,-0.5,1.6103,7751867,77234236.0,4789930000.0,4789930000.0,None
2016-06-29,'603167,²³º£ÂÖ¶É,10.0,10.03,9.89,10.0,9.98,0.02,0.2004,2.1665,10429519,103854057.0,4814000000.0,4814000000.0,None
2016-06-28,'603167,²³º£ÂÖ¶É,9.98,10.15,9.87,9.93,9.98,0.0,0.0,3.146,15144841,151653604.0,4804372000.0,4804372000.0,None
2016-06-27,'603167,²³º£ÂÖ¶É,9.98,10.03,9.68,9.71,9.76,0.22,2.2541,2.7095,13043730,128894244.0,4804372000.0,4804372000.0,None
2016-06-24,'603167,²³º£ÂÖ¶É,9.76,9.85,9.52,9.84,9.82,-0.06,-0.611,2.9677,14286586,138900795.0,4698464000.0,4698464000.0,None
2016-06-23,'603167,²³º£ÂÖ¶É,9.82,9.89,9.64,9.77,9.79,0.03,0.3064,2.4956,12014022,117334114.0,4727348000.0,4727348000.0,None
2016-06-22,'603167,²³º£ÂÖ¶É,9.79,9.8,9.45,9.46,9.47,0.32,3.3791,2.4825,11950684,115557708.0,4712906000.0,4712906000.0,None
2016-06-21,'603167,²³º£ÂÖ¶É,9.47,9.71,9.43,9.6,9.56,-0.09,-0.9414,1.6186,7791794,74730052.0,4558858000.0,4558858000.0,None
2016-06-20,'603167,XD²³º£ÂÖ,9.56,9.58,9.42,9.58,9.54,0.02,0.2096,1.144,5507264,52393123.0,4602184000.0,4602184000.0,None
2016-06-17,'603167,²³º£ÂÖ¶É,9.67,9.72,9.57,9.59,9.55,0.12,1.2565,1.8271,8795550,84814454.0,4655138000.0,4655138000.0,None
2016-06-16,'603167,²³º£ÂÖ¶É,9.55,9.67,9.46,9.49,9.53,0.02,0.2099,1.5615,7516905,71907126.0,4597370000.0,4597370000.0,None
2016-06-15,'603167,²³º£ÂÖ¶É,9.53,9.54,9.12,9.12,9.2,0.33,3.587,1.8323,8820637,83101766.0,4587742000.0,4587742000.0,None
2016-06-14,'603167,²³º£ÂÖ¶É,9.2,9.21,9.1,9.1,9.13,0.07,0.7667,1.0094,4859031,44523770.0,4428880000.0,4428880000.0,None
2016-06-13,'603167,²³º£ÂÖ¶É,9.13,9.54,9.1,9.51,9.63,-0.5,-5.1921,1.9779,9521733,89082944.0,4395182000.0,4395182000.0,None
2016-06-08,'603167,²³º£ÂÖ¶É,9.63,9.7,9.51,9.59,9.6,0.03,0.3125,1.4631,7043263,67757390.0,4635882000.0,4635882000.0,None
2016-06-07,'603167,²³º£ÂÖ¶É,9.6,9.64,9.49,9.54,9.59,0.01,0.1043,1.1952,5753824,55019111.0,4621440000.0,4621440000.0,None
2016-06-06,'603167,²³º£ÂÖ¶É,9.59,9.75,9.52,9.74,9.7,-0.11,-1.134,2.0196,9722451,93458489.0,4616626000.0,4616626000.0,None
2016-06-03,'603167,²³º£ÂÖ¶É,9.7,9.79,9.5,9.54,9.54,0.16,1.6771,2.5921,12478513,120624226.0,4669580000.0,4669580000.0,None
2016-06-02,'603167,²³º£ÂÖ¶É,9.54,9.55,9.46,9.5,9.5,0.04,0.4211,1.3895,6689135,63554745.0,4592556000.0,4592556000.0,None
2016-06-01,'603167,²³º£ÂÖ¶É,9.5,9.58,9.45,9.5,9.49,0.01,0.1054,1.9242,9263056,88070281.0,4573300000.0,4573300000.0,None
2016-05-31,'603167,²³º£ÂÖ¶É,9.49,9.51,9.16,9.18,9.15,0.34,3.7158,2.3424,11276093,105864320.0,4568486000.0,4568486000.0,None
2016-05-30,'603167,²³º£ÂÖ¶É,9.15,9.2,9.08,9.1,9.18,-0.03,-0.3268,0.7718,3715345,33962593.0,4404810000.0,4404810000.0,None
2016-05-27,'603167,²³º£ÂÖ¶É,9.18,9.22,9.08,9.1,9.12,0.06,0.6579,0.9927,4778741,43779698.0,4419252000.0,4419252000.0,None
2016-05-26,'603167,²³º£ÂÖ¶É,9.12,9.17,8.96,9.15,9.12,0.0,0.0,1.3012,6264085,56752764.0,4390368000.0,4390368000.0,None
2016-05-25,'603167,²³º£ÂÖ¶É,9.12,9.22,9.08,9.16,9.11,0.01,0.1098,1.1364,5470646,50067845.0,4390368000.0,4390368000.0,None
2016-05-24,'603167,²³º£ÂÖ¶É,9.11,9.23,9.05,9.22,9.22,-0.11,-1.1931,1.0221,4920219,44848783.0,4385554000.0,4385554000.0,None
2016-05-23,'603167,²³º£ÂÖ¶É,9.22,9.25,9.11,9.14,9.11,0.11,1.2075,1.1747,5654783,52003491.0,4438508000.0,4438508000.0,None
2016-05-20,'603167,²³º£ÂÖ¶É,9.11,9.12,8.91,8.97,9.06,0.05,0.5519,0.9864,4748547,42921745.0,4385554000.0,4385554000.0,None
2016-05-19,'603167,²³º£ÂÖ¶É,9.06,9.17,9.04,9.08,9.04,0.02,0.2212,0.9653,4647011,42336721.0,4361484000.0,4361484000.0,None
2016-05-18,'603167,²³º£ÂÖ¶É,9.04,9.32,8.95,9.31,9.35,-0.31,-3.3155,1.5634,7526286,68595397.0,4351856000.0,4351856000.0,None
2016-05-17,'603167,²³º£ÂÖ¶É,9.35,9.41,9.22,9.32,9.36,-0.01,-0.1068,1.3705,6597413,61581939.0,4501090000.0,4501090000.0,None
2016-05-16,'603167,²³º£ÂÖ¶É,9.36,9.37,9.12,9.16,9.2,0.16,1.7391,1.4374,6919776,64069847.0,4505904000.0,4505904000.0,None
2016-05-13,'603167,²³º£ÂÖ¶É,9.2,9.41,9.12,9.26,9.27,-0.07,-0.7551,1.3924,6702941,62243786.0,4428880000.0,4428880000.0,None
2016-05-12,'603167,²³º£ÂÖ¶É,9.27,9.3,9.06,9.2,9.37,-0.1,-1.0672,1.7544,8445771,77692865.0,4462578000.0,4462578000.0,None
2016-05-11,'603167,²³º£ÂÖ¶É,9.37,9.49,9.26,9.39,9.38,-0.01,-0.1066,1.9041,9166352,86093441.0,4510718000.0,4510718000.0,None
2016-05-10,'603167,²³º£ÂÖ¶É,9.38,9.48,9.17,9.25,9.19,0.19,2.0675,1.9144,9215684,85808286.0,4515532000.0,4515532000.0,None
2016-05-09,'603167,²³º£ÂÖ¶É,9.19,9.35,9.13,9.3,9.41,-0.22,-2.3379,2.0735,9981927,92027763.0,4424066000.0,4424066000.0,None
2016-05-06,'603167,²³º£ÂÖ¶É,9.41,9.9,9.4,9.89,9.86,-0.45,-4.5639,3.4103,16417145,157942491.0,4529974000.0,4529974000.0,None
2016-05-05,'603167,²³º£ÂÖ¶É,9.86,9.95,9.68,9.7,9.73,0.13,1.3361,2.0204,9726076,95653001.0,4746604000.0,4746604000.0,None
2016-05-04,'603167,²³º£ÂÖ¶É,9.73,9.85,9.66,9.71,9.74,-0.01,-0.1027,1.8367,8841741,86222925.0,4684022000.0,4684022000.0,None
2016-05-03,'603167,²³º£ÂÖ¶É,9.74,9.76,9.38,9.41,9.45,0.29,3.0688,2.0099,9675754,93109273.0,4688836000.0,4688836000.0,None
2016-04-29,'603167,²³º£ÂÖ¶É,9.45,9.49,9.39,9.42,9.5,-0.05,-0.5263,1.3539,6517475,61475843.0,4549230000.0,4549230000.0,None
2016-04-28,'603167,²³º£ÂÖ¶É,9.5,9.55,9.25,9.29,9.26,0.24,2.5918,2.5231,12145983,114282304.0,4573300000.0,4573300000.0,None
2016-04-27,'603167,²³º£ÂÖ¶É,9.26,9.41,9.24,9.36,9.36,-0.1,-1.0684,1.7648,8495649,79223138.0,4457764000.0,4457764000.0,None
2016-04-26,'603167,²³º£ÂÖ¶É,9.36,9.37,9.15,9.19,9.06,0.3,3.3113,2.131,10258412,95008584.0,4505904000.0,4505904000.0,None
2016-04-25,'603167,²³º£ÂÖ¶É,9.06,9.1,8.88,9.05,9.12,-0.06,-0.6579,1.0904,5249393,47098777.0,4361484000.0,4361484000.0,None
2016-04-22,'603167,²³º£ÂÖ¶É,9.12,9.13,8.95,9.02,9.06,0.06,0.6623,1.035,4982261,45091075.0,4390368000.0,4390368000.0,None
2016-04-21,'603167,²³º£ÂÖ¶É,9.06,9.23,9.05,9.1,9.14,-0.08,-0.8753,1.3393,6447314,58985845.0,4361484000.0,4361484000.0,None
2016-04-20,'603167,²³º£ÂÖ¶É,9.14,9.73,8.98,9.69,9.68,-0.54,-5.5785,2.7958,13458926,126003537.0,4399996000.0,4399996000.0,None
2016-04-19,'603167,²³º£ÂÖ¶É,9.68,9.9,9.6,9.9,9.87,-0.19,-1.925,2.6485,12750004,123989035.0,4659952000.0,4659952000.0,None
2016-04-18,'603167,²³º£ÂÖ¶É,9.87,9.99,9.8,9.99,10.02,-0.15,-1.497,1.4982,7212240,71213655.0,4751418000.0,4751418000.0,None
2016-04-15,'603167,²³º£ÂÖ¶É,10.02,10.04,9.86,10.0,9.99,0.03,0.3003,1.7826,8581252,85258622.0,4823628000.0,4823628000.0,None
2016-04-14,'603167,²³º£ÂÖ¶É,9.99,10.02,9.83,10.0,9.97,0.02,0.2006,1.4662,7058158,70009185.0,4809186000.0,4809186000.0,None
2016-04-13,'603167,²³º£ÂÖ¶É,9.97,10.06,9.72,9.74,9.67,0.3,3.1024,3.1117,14979901,148485408.0,4799558000.0,4799558000.0,None
2016-04-12,'603167,²³º£ÂÖ¶É,9.67,9.74,9.57,9.74,9.76,-0.09,-0.9221,1.2024,5788279,55854454.0,4655138000.0,4655138000.0,None
2016-04-11,'603167,²³º£ÂÖ¶É,9.76,9.77,9.52,9.52,9.46,0.3,3.1712,2.2007,10594096,102794133.0,4698464000.0,4698464000.0,None
2016-04-08,'603167,²³º£ÂÖ¶É,9.46,9.57,9.37,9.5,9.62,-0.16,-1.6632,1.3932,6706776,63444630.0,4554044000.0,4554044000.0,None
2016-04-07,'603167,²³º£ÂÖ¶É,9.62,9.84,9.6,9.73,9.72,-0.1,-1.0288,2.268,10918130,106220008.0,4631068000.0,4631068000.0,None
2016-04-06,'603167,²³º£ÂÖ¶É,9.72,9.79,9.61,9.7,9.74,-0.02,-0.2053,1.9449,9362826,90766794.0,4679208000.0,4679208000.0,None
2016-04-05,'603167,²³º£ÂÖ¶É,9.74,9.76,9.4,9.42,9.44,0.3,3.178,2.4813,11944822,115318279.0,4688836000.0,4688836000.0,None
2016-04-01,'603167,²³º£ÂÖ¶É,9.44,9.52,9.26,9.48,9.55,-0.11,-1.1518,1.5673,7544753,70890074.0,4544416000.0,4544416000.0,None
2016-03-31,'603167,²³º£ÂÖ¶É,9.55,9.69,9.39,9.44,9.4,0.15,1.5957,2.3273,11203523,107058863.0,4597370000.0,4597370000.0,None
2016-03-30,'603167,²³º£ÂÖ¶É,9.4,9.42,9.18,9.19,9.13,0.27,2.9573,1.4421,6942328,64620721.0,4525160000.0,4525160000.0,None
2016-03-29,'603167,²³º£ÂÖ¶É,9.13,9.37,9.07,9.37,9.35,-0.22,-2.3529,1.56,7510051,69078673.0,4395182000.0,4395182000.0,None
2016-03-28,'603167,²³º£ÂÖ¶É,9.35,9.62,9.29,9.54,9.54,-0.19,-1.9916,2.372,11418906,108411422.0,4501090000.0,4501090000.0,None
2016-03-25,'603167,²³º£ÂÖ¶É,9.54,9.66,9.36,9.46,9.55,-0.01,-0.1047,2.0445,9842266,93814912.0,4592556000.0,4592556000.0,None
2016-03-24,'603167,²³º£ÂÖ¶É,9.55,9.86,9.2,9.28,9.37,0.18,1.921,4.0576,19533208,186667950.0,4597370000.0,4597370000.0,None
2016-03-23,'603167,²³º£ÂÖ¶É,9.37,9.39,9.26,9.33,9.34,0.03,0.3212,1.4735,7093523,66246804.0,4510718000.0,4510718000.0,None
2016-03-22,'603167,²³º£ÂÖ¶É,9.34,9.44,9.3,9.36,9.47,-0.13,-1.3728,1.8289,8804167,82450456.0,4496276000.0,4496276000.0,None
2016-03-21,'603167,²³º£ÂÖ¶É,9.47,9.48,9.31,9.38,9.3,0.17,1.828,3.1008,14927038,140003233.0,4558858000.0,4558858000.0,None
2016-03-18,'603167,²³º£ÂÖ¶É,9.3,9.38,9.05,9.08,9.07,0.23,2.5358,3.2835,15806563,146215740.0,4477020000.0,4477020000.0,None
2016-03-17,'603167,²³º£ÂÖ¶É,9.07,9.1,8.82,8.83,8.81,0.26,2.9512,1.6167,7782847,69957267.0,4366298000.0,4366298000.0,None
2016-03-16,'603167,²³º£ÂÖ¶É,8.81,9.05,8.69,8.96,8.94,-0.13,-1.4541,1.3216,6362039,56401329.0,4241134000.0,4241134000.0,None
2016-03-15,'603167,²³º£ÂÖ¶É,8.94,9.16,8.85,8.88,8.87,0.07,0.7892,1.8027,8678135,78094437.0,4303716000.0,4303716000.0,None
2016-03-14,'603167,²³º£ÂÖ¶É,8.87,8.99,8.68,8.73,8.62,0.25,2.9002,1.7208,8284087,73564547.0,4270018000.0,4270018000.0,None
2016-03-11,'603167,²³º£ÂÖ¶É,8.62,8.65,8.45,8.55,8.61,0.01,0.1161,1.1138,5362050,45935318.0,4149668000.0,4149668000.0,None
2016-03-10,'603167,²³º£ÂÖ¶É,8.61,8.89,8.58,8.81,8.87,-0.26,-2.9312,1.4094,6785075,59379064.0,4144854000.0,4144854000.0,None
2016-03-09,'603167,²³º£ÂÖ¶É,8.87,9.01,8.61,8.69,8.9,-0.03,-0.3371,1.6222,7809195,68336442.0,4270018000.0,4270018000.0,None
2016-03-08,'603167,²³º£ÂÖ¶É,8.9,8.93,8.38,8.77,8.74,0.16,1.8307,1.9748,9506872,82352184.0,4284460000.0,4284460000.0,None
2016-03-07,'603167,²³º£ÂÖ¶É,8.74,8.75,8.57,8.57,8.53,0.21,2.4619,1.3833,6659117,57902853.0,4207436000.0,4207436000.0,None
2016-03-04,'603167,²³º£ÂÖ¶É,8.53,8.76,8.38,8.68,8.7,-0.17,-1.954,1.9123,9205918,78897005.0,4106342000.0,4106342000.0,None
2016-03-03,'603167,²³º£ÂÖ¶É,8.7,8.88,8.62,8.64,8.65,0.05,0.578,1.6941,8155467,71408744.0,4188180000.0,4188180000.0,None
2016-03-02,'603167,²³º£ÂÖ¶É,8.65,8.68,8.24,8.25,8.27,0.38,4.5949,1.6087,7744243,65667330.0,4164110000.0,4164110000.0,None
2016-03-01,'603167,²³º£ÂÖ¶É,8.27,8.33,8.08,8.1,8.09,0.18,2.225,1.2707,6117080,50084938.0,3981178000.0,3981178000.0,None
2016-02-29,'603167,²³º£ÂÖ¶É,8.09,8.49,7.99,8.43,8.51,-0.42,-4.9354,1.5013,7227328,58567644.0,3894526000.0,3894526000.0,None
2016-02-26,'603167,²³º£ÂÖ¶É,8.51,8.57,8.34,8.5,8.4,0.11,1.3095,1.2752,6138639,52016277.0,4096714000.0,4096714000.0,None
2016-02-25,'603167,²³º£ÂÖ¶É,8.4,9.3,8.37,9.28,9.3,-0.9,-9.6774,1.9667,9467578,83668937.0,4043760000.0,4043760000.0,None
2016-02-24,'603167,²³º£ÂÖ¶É,9.3,9.34,9.11,9.2,9.25,0.05,0.5405,1.1147,5365947,49658330.0,4477020000.0,4477020000.0,None
2016-02-23,'603167,²³º£ÂÖ¶É,9.25,9.38,9.18,9.37,9.38,-0.13,-1.3859,1.3293,6399152,59442667.0,4452950000.0,4452950000.0,None
2016-02-22,'603167,²³º£ÂÖ¶É,9.38,9.39,9.2,9.25,9.17,0.21,2.2901,1.741,8381362,78016010.0,4515532000.0,4515532000.0,None
2016-02-19,'603167,²³º£ÂÖ¶É,9.17,9.22,9.06,9.1,9.13,0.04,0.4381,0.8527,4104994,37549816.0,4414438000.0,4414438000.0,None
2016-02-18,'603167,²³º£ÂÖ¶É,9.13,9.27,9.08,9.22,9.2,-0.07,-0.7609,1.4466,6963891,63828341.0,4395182000.0,4395182000.0,None
2016-02-17,'603167,²³º£ÂÖ¶É,9.2,9.25,9.0,9.07,9.12,0.08,0.8772,1.5702,7559137,68988567.0,4428880000.0,4428880000.0,None
2016-02-16,'603167,²³º£ÂÖ¶É,9.12,9.22,8.83,8.83,8.77,0.35,3.9909,1.7936,8634456,78162823.0,4390368000.0,4390368000.0,None
2016-02-15,'603167,²³º£ÂÖ¶É,8.77,8.87,8.46,8.55,8.84,-0.07,-0.7919,0.9857,4745052,41222833.0,4221878000.0,4221878000.0,None
2016-02-05,'603167,²³º£ÂÖ¶É,8.84,8.98,8.79,8.88,8.88,-0.04,-0.4505,0.959,4616551,41089489.0,4255576000.0,4255576000.0,None
2016-02-04,'603167,²³º£ÂÖ¶É,8.88,8.93,8.76,8.78,8.77,0.11,1.2543,1.3397,6449355,57158756.0,4274832000.0,4274832000.0,None
2016-02-03,'603167,²³º£ÂÖ¶É,8.77,8.83,8.58,8.74,8.83,-0.06,-0.6795,0.872,4197578,36572858.0,4221878000.0,4221878000.0,None
2016-02-02,'603167,²³º£ÂÖ¶É,8.83,8.85,8.5,8.5,8.55,0.28,3.2749,1.1829,5694460,49873941.0,4250762000.0,4250762000.0,None
2016-02-01,'603167,²³º£ÂÖ¶É,8.55,8.64,8.41,8.5,8.5,0.05,0.5882,1.4402,6933053,59277406.0,4115970000.0,4115970000.0,None
2016-01-29,'603167,²³º£ÂÖ¶É,8.5,8.75,8.06,8.06,8.08,0.42,5.198,1.4578,7017719,59181259.0,4091900000.0,4091900000.0,None
2016-01-28,'603167,²³º£ÂÖ¶É,8.08,8.39,8.01,8.22,8.32,-0.24,-2.8846,0.9689,4664439,38408203.0,3889712000.0,3889712000.0,None
2016-01-27,'603167,²³º£ÂÖ¶É,8.32,8.47,7.97,8.47,8.36,-0.04,-0.4785,1.4445,6953690,57326645.0,4005248000.0,4005248000.0,None
2016-01-26,'603167,²³º£ÂÖ¶É,8.36,9.12,8.35,9.1,9.19,-0.83,-9.0316,1.7587,8466397,74268439.0,4024504000.0,4024504000.0,None
2016-01-25,'603167,²³º£ÂÖ¶É,9.19,9.28,9.09,9.17,9.08,0.11,1.2115,1.3094,6303686,57886120.0,4424066000.0,4424066000.0,None
2016-01-22,'603167,²³º£ÂÖ¶É,9.08,9.14,8.88,9.02,8.93,0.15,1.6797,1.4262,6865628,61847201.0,4371112000.0,4371112000.0,None
2016-01-21,'603167,²³º£ÂÖ¶É,8.93,9.4,8.91,9.15,9.32,-0.39,-4.1845,1.6369,7879851,72358332.0,4298902000.0,4298902000.0,None
2016-01-20,'603167,²³º£ÂÖ¶É,9.32,9.54,9.27,9.4,9.49,-0.17,-1.7914,2.0423,9831830,92404901.0,4486648000.0,4486648000.0,None
2016-01-19,'603167,²³º£ÂÖ¶É,9.49,9.53,9.18,9.19,9.23,0.26,2.8169,2.192,10552233,98945907.0,4568486000.0,4568486000.0,None
2016-01-18,'603167,²³º£ÂÖ¶É,9.23,9.35,8.88,8.88,9.09,0.14,1.5402,1.2347,5943806,54474570.0,4443322000.0,4443322000.0,None
2016-01-15,'603167,²³º£ÂÖ¶É,9.09,9.47,8.93,9.34,9.42,-0.33,-3.5032,1.3323,6413883,59305489.0,4375926000.0,4375926000.0,None
2016-01-14,'603167,²³º£ÂÖ¶É,9.42,9.46,8.88,9.1,9.08,0.34,3.7445,1.6546,7965429,73869075.0,4534788000.0,4534788000.0,None
2016-01-13,'603167,²³º£ÂÖ¶É,9.08,9.54,9.02,9.47,9.38,-0.3,-3.1983,1.3042,6278585,58856232.0,4371112000.0,4371112000.0,None
2016-01-12,'603167,²³º£ÂÖ¶É,9.38,9.49,9.18,9.37,9.28,0.1,1.0776,1.4241,6855831,64190771.0,4515532000.0,4515532000.0,None
2016-01-11,'603167,²³º£ÂÖ¶É,9.28,10.23,9.27,10.23,10.3,-1.02,-9.9029,2.7402,13191084,128651836.0,4467392000.0,4467392000.0,None
2016-01-08,'603167,²³º£ÂÖ¶É,10.3,10.63,9.9,10.45,10.18,0.12,1.1788,2.1834,10510651,108476667.0,4958420000.0,4958420000.0,None
2016-01-07,'603167,²³º£ÂÖ¶É,10.18,11.17,10.16,11.16,11.29,-1.11,-9.8317,0.5771,2778100,29386500.0,4900652000.0,4900652000.0,None
2016-01-06,'603167,²³º£ÂÖ¶É,11.29,11.34,10.93,11.19,11.15,0.14,1.2556,2.0696,9963280,111455900.0,5435006000.0,5435006000.0,None
2016-01-05,'603167,²³º£ÂÖ¶É,11.15,11.38,10.62,10.96,11.22,-0.07,-0.6239,2.7949,13454476,148011184.0,5367610000.0,5367610000.0,None
2016-01-04,'603167,²³º£ÂÖ¶É,11.22,12.39,11.21,12.39,12.42,-1.2,-9.6618,2.2561,10861029,129259759.0,5401308000.0,5401308000.0,None
2015-12-31,'603167,²³º£ÂÖ¶É,12.42,12.76,12.3,12.6,12.6,-0.18,-1.4286,3.1033,14939419,188366279.0,5978988000.0,5978988000.0,None
2015-12-30,'603167,²³º£ÂÖ¶É,12.6,12.74,12.43,12.56,12.47,0.13,1.0425,2.7763,13365194,168239942.0,6065640000.0,6065640000.0,None
2015-12-29,'603167,²³º£ÂÖ¶É,12.47,12.49,12.1,12.14,12.13,0.34,2.803,1.8183,8753168,107729710.0,6003058000.0,6003058000.0,None
2015-12-28,'603167,²³º£ÂÖ¶É,12.13,12.7,12.11,12.54,12.52,-0.39,-3.115,2.5005,12037592,150063267.0,5839382000.0,5839382000.0,None
2015-12-25,'603167,²³º£ÂÖ¶É,12.52,12.53,12.28,12.28,12.31,0.21,1.7059,1.4949,7196332,89278393.0,6027128000.0,6027128000.0,None
2015-12-24,'603167,²³º£ÂÖ¶É,12.31,12.46,12.09,12.37,12.4,-0.09,-0.7258,1.6429,7909149,96746384.0,5926034000.0,5926034000.0,None
2015-12-23,'603167,²³º£ÂÖ¶É,12.4,12.68,12.31,12.51,12.57,-0.17,-1.3524,2.7662,13316612,167275973.0,5969360000.0,5969360000.0,None
2015-12-22,'603167,²³º£ÂÖ¶É,12.57,12.7,12.36,12.57,12.51,0.06,0.4796,2.5111,12088271,151131669.0,6051198000.0,6051198000.0,None
2015-12-21,'603167,²³º£ÂÖ¶É,12.51,12.62,12.28,12.28,12.3,0.21,1.7073,2.7461,13219675,164476757.0,6022314000.0,6022314000.0,None
2015-12-18,'603167,²³º£ÂÖ¶É,12.3,12.47,12.18,12.36,12.41,-0.11,-0.8864,2.1577,10386959,128079122.0,5921220000.0,5921220000.0,None
2015-12-17,'603167,²³º£ÂÖ¶É,12.41,12.43,12.03,12.06,11.97,0.44,3.6759,2.9401,14153472,173663369.0,5974174000.0,5974174000.0,None
2015-12-16,'603167,²³º£ÂÖ¶É,11.97,12.17,11.91,11.97,11.94,0.03,0.2513,2.0715,9972241,120112683.0,5762358000.0,5762358000.0,None
2015-12-15,'603167,²³º£ÂÖ¶É,11.94,12.09,11.84,11.92,11.92,0.02,0.1678,1.3775,6631282,79303942.0,5747916000.0,5747916000.0,None
2015-12-14,'603167,²³º£ÂÖ¶É,11.92,11.94,11.45,11.55,11.56,0.36,3.1142,1.5042,7241294,85086737.0,5738288000.0,5738288000.0,None
2015-12-11,'603167,²³º£ÂÖ¶É,11.56,11.77,11.45,11.68,11.69,-0.13,-1.1121,1.2904,6212150,71983772.0,5564984000.0,5564984000.0,None
2015-12-10,'603167,²³º£ÂÖ¶É,11.69,11.92,11.6,11.71,11.65,0.04,0.3433,1.6412,7900961,93183304.0,5627566000.0,5627566000.0,None
2015-12-09,'603167,²³º£ÂÖ¶É,11.65,11.85,11.6,11.8,11.8,-0.15,-1.2712,1.5767,7590421,88837016.0,5608310000.0,5608310000.0,None
2015-12-08,'603167,²³º£ÂÖ¶É,11.8,12.26,11.76,12.25,12.33,-0.53,-4.2985,2.16,10398211,124324595.0,5680520000.0,5680520000.0,None
2015-12-07,'603167,²³º£ÂÖ¶É,12.33,12.43,12.2,12.23,12.21,0.12,0.9828,2.6576,12793797,157747203.0,5935662000.0,5935662000.0,None
2015-12-04,'603167,²³º£ÂÖ¶É,12.21,12.28,11.86,12.04,12.04,0.17,1.412,2.7591,13282346,160725785.0,5877894000.0,5877894000.0,None
2015-12-03,'603167,²³º£ÂÖ¶É,12.04,12.05,11.73,11.76,11.83,0.21,1.7751,2.0068,9660747,115251660.0,5796056000.0,5796056000.0,None
2015-12-02,'603167,²³º£ÂÖ¶É,11.83,12.0,11.34,12.0,12.14,-0.31,-2.5535,2.7853,13408309,157157175.0,5694962000.0,5694962000.0,None
2015-12-01,'603167,²³º£ÂÖ¶É,12.14,12.48,12.04,12.31,12.04,0.1,0.8306,4.0194,19349496,237637752.0,5844196000.0,5844196000.0,None
2015-11-30,'603167,²³º£ÂÖ¶É,12.04,12.14,11.11,11.9,11.86,0.18,1.5177,3.8202,18390598,217025179.0,5796056000.0,5796056000.0,None
2015-11-27,'603167,²³º£ÂÖ¶É,11.86,12.96,11.81,12.86,13.12,-1.26,-9.6037,5.3015,25521527,318476600.0,5709404000.0,5709404000.0,None
2015-11-26,'603167,²³º£ÂÖ¶É,13.12,13.14,12.36,12.69,12.61,0.51,4.0444,5.9339,28565984,363753166.0,6315968000.0,6315968000.0,None
2015-11-25,'603167,²³º£ÂÖ¶É,12.61,12.65,12.4,12.56,12.55,0.06,0.4781,3.8218,18398038,230813091.0,6070454000.0,6070454000.0,None
2015-11-24,'603167,²³º£ÂÖ¶É,12.55,12.7,12.16,12.67,12.67,-0.12,-0.9471,3.6595,17616972,218366297.0,6041570000.0,6041570000.0,None
2015-11-23,'603167,²³º£ÂÖ¶É,12.67,12.85,12.38,12.53,12.48,0.19,1.5224,4.6892,22573720,284842889.0,6099338000.0,6099338000.0,None
2015-11-20,'603167,²³º£ÂÖ¶É,12.48,12.67,12.27,12.5,12.45,0.03,0.241,4.3447,20915530,261095276.0,6007872000.0,6007872000.0,None
2015-11-19,'603167,²³º£ÂÖ¶É,12.45,12.46,12.07,12.07,12.12,0.33,2.7228,2.9956,14420757,176947387.0,5993430000.0,5993430000.0,None
2015-11-18,'603167,²³º£ÂÖ¶É,12.12,12.48,12.02,12.32,12.3,-0.18,-1.4634,2.9979,14431958,177608173.0,5834568000.0,5834568000.0,None
2015-11-17,'603167,²³º£ÂÖ¶É,12.3,12.63,12.07,12.07,12.02,0.28,2.3295,5.3171,25596613,315978940.0,5921220000.0,5921220000.0,None
2015-11-16,'603167,²³º£ÂÖ¶É,12.02,12.04,11.49,11.54,11.81,0.21,1.7782,1.7699,8520473,100139009.0,5786428000.0,5786428000.0,None
2015-11-13,'603167,²³º£ÂÖ¶É,11.81,12.08,11.8,12.02,12.12,-0.31,-2.5578,2.4803,11939951,142221138.0,5685334000.0,5685334000.0,None
2015-11-12,'603167,²³º£ÂÖ¶É,12.12,12.42,12.0,12.4,12.36,-0.24,-1.9417,3.8562,18563756,225360939.0,5834568000.0,5834568000.0,None
2015-11-11,'603167,²³º£ÂÖ¶É,12.36,12.45,12.22,12.3,12.29,0.07,0.5696,2.8342,13644056,168083372.0,5950104000.0,5950104000.0,None
2015-11-10,'603167,²³º£ÂÖ¶É,12.29,12.47,12.2,12.36,12.48,-0.19,-1.5224,3.7293,17953022,221210045.0,5916406000.0,5916406000.0,None
2015-11-09,'603167,²³º£ÂÖ¶É,12.48,12.6,12.14,12.21,12.44,0.04,0.3215,3.8922,18737154,231710366.0,6007872000.0,6007872000.0,None
2015-11-06,'603167,²³º£ÂÖ¶É,12.44,12.48,12.08,12.14,12.07,0.37,3.0655,4.7468,22851064,281334075.0,5988616000.0,5988616000.0,None
2015-11-05,'603167,²³º£ÂÖ¶É,12.07,12.23,11.81,12.0,12.06,0.01,0.0829,5.5284,26613528,320091479.0,5810498000.0,5810498000.0,None
2015-11-04,'603167,²³º£ÂÖ¶É,12.06,12.08,11.38,11.38,11.43,0.63,5.5118,4.5674,21987296,259458447.0,5805684000.0,5805684000.0,None
2015-11-03,'603167,²³º£ÂÖ¶É,11.43,11.65,10.99,11.36,11.26,0.17,1.5098,3.7511,18057649,204142370.0,5502402000.0,5502402000.0,None
2015-11-02,'603167,²³º£ÂÖ¶É,11.26,12.2,11.2,12.0,12.04,-0.78,-6.4784,5.2894,25462985,298821919.0,5420564000.0,5420564000.0,None
2015-10-30,'603167,²³º£ÂÖ¶É,12.04,12.24,11.69,12.2,12.32,-0.28,-2.2727,4.2872,20638734,247205540.0,5796056000.0,5796056000.0,None
2015-10-29,'603167,²³º£ÂÖ¶É,12.32,12.56,11.93,12.21,11.84,0.48,4.0541,5.9553,28668684,351565814.0,5930848000.0,5930848000.0,None
2015-10-28,'603167,²³º£ÂÖ¶É,11.84,12.66,11.68,11.9,12.03,-0.19,-1.5794,6.1884,29790843,362288408.0,5699776000.0,5699776000.0,None
2015-10-27,'603167,²³º£ÂÖ¶É,12.03,12.15,11.39,11.99,12.31,-0.28,-2.2746,6.1243,29482293,347632196.0,5791242000.0,5791242000.0,None
2015-10-26,'603167,²³º£ÂÖ¶É,12.31,12.74,11.5,11.7,11.58,0.73,6.304,9.2438,44499572,542759646.0,5926034000.0,5926034000.0,None
2015-10-23,'603167,²³º£ÂÖ¶É,11.58,11.69,11.0,11.55,10.99,0.59,5.3685,8.4648,40749359,464240530.0,5574612000.0,5574612000.0,None
2015-10-22,'603167,²³º£ÂÖ¶É,10.99,10.99,9.93,10.08,9.99,1.0,10.01,7.154,34439521,367123284.0,5290586000.0,5290586000.0,None
2015-10-21,'603167,²³º£ÂÖ¶É,9.99,11.04,9.93,10.93,10.84,-0.85,-7.8413,4.6963,22608153,239594358.0,4809186000.0,4809186000.0,None
2015-10-20,'603167,²³º£ÂÖ¶É,10.84,10.88,10.49,10.7,10.67,0.17,1.5933,3.0098,14489118,155171516.0,5218376000.0,5218376000.0,None
2015-10-19,'603167,²³º£ÂÖ¶É,10.67,10.98,10.51,10.98,10.95,-0.28,-2.5571,3.2911,15843201,170782808.0,5136538000.0,5136538000.0,None
2015-10-16,'603167,²³º£ÂÖ¶É,10.95,11.08,10.4,10.71,10.63,0.32,3.0103,4.5219,21768286,233157921.0,5271330000.0,5271330000.0,None
2015-10-15,'603167,²³º£ÂÖ¶É,10.63,10.64,10.18,10.19,10.25,0.38,3.7073,3.0538,14700866,153393838.0,5117282000.0,5117282000.0,None
2015-10-14,'603167,²³º£ÂÖ¶É,10.25,10.51,10.21,10.5,10.56,-0.31,-2.9356,2.6735,12870075,133114505.0,4934350000.0,4934350000.0,None
2015-10-13,'603167,²³º£ÂÖ¶É,10.56,10.64,10.18,10.19,10.35,0.21,2.029,3.3065,15917305,166145511.0,5083584000.0,5083584000.0,None
2015-10-12,'603167,²³º£ÂÖ¶É,10.35,10.49,9.9,10.03,9.95,0.4,4.0201,4.5653,21977409,225290049.0,4982490000.0,4982490000.0,None
2015-10-09,'603167,²³º£ÂÖ¶É,9.95,9.98,9.65,9.65,9.76,0.19,1.9467,2.5827,12432931,122245856.0,4789930000.0,4789930000.0,None
2015-10-08,'603167,²³º£ÂÖ¶É,9.76,9.82,9.55,9.68,9.23,0.53,5.7421,2.4877,11975562,116270832.0,4698464000.0,4698464000.0,None
2015-09-30,'603167,²³º£ÂÖ¶É,9.23,9.27,9.1,9.19,9.13,0.1,1.0953,0.9868,4750676,43667217.0,4443322000.0,4443322000.0,None
2015-09-29,'603167,²³º£ÂÖ¶É,9.13,9.35,9.06,9.24,9.45,-0.32,-3.3862,1.2861,6191155,56856685.0,4395182000.0,4395182000.0,None
2015-09-28,'603167,²³º£ÂÖ¶É,9.45,9.46,9.17,9.4,9.27,0.18,1.9417,1.1587,5578015,52144363.0,4549230000.0,4549230000.0,None
2015-09-25,'603167,²³º£ÂÖ¶É,9.27,9.73,9.17,9.61,9.73,-0.46,-4.7276,1.8932,9113907,85942014.0,4462578000.0,4462578000.0,None
2015-09-24,'603167,²³º£ÂÖ¶É,9.73,9.83,9.47,9.47,9.38,0.35,3.7313,2.2683,10919554,105470662.0,4684022000.0,4684022000.0,None
2015-09-23,'603167,²³º£ÂÖ¶É,9.38,9.68,9.31,9.6,9.77,-0.39,-3.9918,2.2315,10742409,102210186.0,4515532000.0,4515532000.0,None
2015-09-22,'603167,²³º£ÂÖ¶É,9.77,9.98,9.67,9.73,9.8,-0.03,-0.3061,2.7314,13148751,128713719.0,4703278000.0,4703278000.0,None
2015-09-21,'603167,²³º£ÂÖ¶É,9.8,9.84,9.21,9.3,9.41,0.39,4.1445,2.4861,11967972,114293731.0,4717720000.0,4717720000.0,None
2015-09-18,'603167,²³º£ÂÖ¶É,9.41,9.53,9.05,9.28,9.16,0.25,2.7293,1.9742,9503848,88144380.0,4529974000.0,4529974000.0,None
2015-09-17,'603167,²³º£ÂÖ¶É,9.16,9.7,9.13,9.29,9.33,-0.17,-1.8221,2.4194,11646799,109583510.0,4409624000.0,4409624000.0,None
2015-09-16,'603167,²³º£ÂÖ¶É,9.33,9.33,8.55,8.55,8.48,0.85,10.0236,2.4017,11561850,103467459.0,4491462000.0,4491462000.0,None
2015-09-15,'603167,²³º£ÂÖ¶É,8.48,9.06,8.35,8.9,9.01,-0.53,-5.8824,1.8201,8762033,76538869.0,4082272000.0,4082272000.0,None
2015-09-14,'603167,²³º£ÂÖ¶É,9.01,10.19,9.0,10.1,10.0,-0.99,-9.9,3.0357,14613804,138011164.0,4337414000.0,4337414000.0,None
2015-09-11,'603167,²³º£ÂÖ¶É,10.0,10.12,9.75,9.86,9.85,0.15,1.5228,2.0729,9978848,99484929.0,4814000000.0,4814000000.0,None
2015-09-10,'603167,²³º£ÂÖ¶É,9.85,10.29,9.84,10.0,10.33,-0.48,-4.6467,3.2527,15658631,157093800.0,4741790000.0,4741790000.0,None
2015-09-09,'603167,²³º£ÂÖ¶É,10.33,10.36,9.73,9.8,9.73,0.6,6.1665,7.0647,21513097,216645476.0,4972862000.0,3145651932.8,None
2015-09-08,'603167,²³º£ÂÖ¶É,9.73,9.78,8.91,9.08,9.06,0.67,7.3951,4.1357,12593776,117723921.0,4684022000.0,2962942236.8,None
2015-09-07,'603167,²³º£ÂÖ¶É,9.06,9.41,8.9,8.93,8.7,0.36,4.1379,4.2438,12923104,118095850.0,4361484000.0,2758916409.6,None
2015-09-02,'603167,²³º£ÂÖ¶É,8.7,9.29,8.25,8.43,8.82,-0.12,-1.3605,3.7819,11516547,101344203.0,4188180000.0,2649290592.0,None
2015-09-01,'603167,²³º£ÂÖ¶É,8.82,9.6,8.76,9.6,9.58,-0.76,-7.9332,4.2538,12953566,117878768.0,4245948000.0,2685832531.2,None
2015-08-31,'603167,²³º£ÂÖ¶É,9.58,9.93,9.51,9.93,10.01,-0.43,-4.2957,4.9937,15206674,148088436.0,4611812000.0,2917264812.8,None
2015-08-28,'603167,²³º£ÂÖ¶É,10.01,10.05,9.28,9.5,9.22,0.79,8.5683,7.5325,22937752,219249525.0,4818814000.0,3048206761.6,None
2015-08-27,'603167,²³º£ÂÖ¶É,9.22,9.39,8.27,9.1,8.84,0.38,4.2986,7.6434,23275353,208880569.0,4438508000.0,2807638995.2,None
2015-08-26,'603167,²³º£ÂÖ¶É,8.84,10.15,8.82,9.8,9.8,-0.96,-9.7959,8.7982,26791824,254631473.0,4255576000.0,2691922854.4,None
2015-08-25,'603167,²³º£ÂÖ¶É,9.8,10.14,9.8,9.8,10.89,-1.09,-10.0092,6.1299,18666406,183539148.0,4717720000.0,2984258368.0,None
2015-08-24,'603167,²³º£ÂÖ¶É,10.89,11.47,10.89,11.47,12.1,-1.21,-10.0,2.3505,7157700,78660764.0,5242446000.0,3316180982.4,None
2015-08-21,'603167,²³º£ÂÖ¶É,12.1,13.1,12.05,12.72,13.04,-0.94,-7.2086,3.6111,10996346,138479174.0,5824940000.0,3684645536.0,None
2015-08-20,'603167,²³º£ÂÖ¶É,13.04,14.14,13.01,13.45,13.55,-0.51,-3.7638,4.3844,13351059,181145945.0,6277456000.0,3970890726.4,None
2015-08-19,'603167,²³º£ÂÖ¶É,13.55,13.75,12.31,12.78,13.21,0.34,2.5738,4.8289,14704847,191269746.0,6522970000.0,4126193968.0,None
2015-08-18,'603167,²³º£ÂÖ¶É,13.21,15.08,13.2,14.71,14.67,-1.46,-9.9523,7.6507,23297481,327259902.0,6359294000.0,4022658473.6,None
2015-08-17,'603167,²³º£ÂÖ¶É,14.67,14.69,13.61,13.8,14.06,0.61,4.3385,6.1978,18873395,268569227.0,7062138000.0,4467252067.2,None
2015-08-14,'603167,²³º£ÂÖ¶É,14.06,14.34,13.85,14.05,14.01,0.05,0.3569,4.4951,13688206,192942757.0,6768484000.0,4281497209.6,None
2015-08-13,'603167,²³º£ÂÖ¶É,14.01,14.03,13.3,13.38,13.38,0.63,4.7085,4.4016,13403673,183027803.0,6744414000.0,4266271401.6,None
2015-08-12,'603167,²³º£ÂÖ¶É,13.38,13.96,13.3,13.5,13.85,-0.47,-3.3935,4.6075,14030580,191503459.0,6441132000.0,4074426220.8,None
2015-08-11,'603167,²³º£ÂÖ¶É,13.85,14.24,13.4,13.76,13.71,0.14,1.0212,7.5411,22963737,315962785.0,6667390000.0,4217548816.0,None
2015-08-10,'603167,²³º£ÂÖ¶É,13.71,13.81,13.0,13.0,12.75,0.96,7.5294,5.9521,18125206,244504212.0,6599994000.0,4174916553.6,None
2015-08-07,'603167,²³º£ÂÖ¶É,12.75,12.83,12.14,12.15,11.99,0.76,6.3386,4.9799,15164606,191399081.0,6137850000.0,3882581040.0,None
2015-08-06,'603167,²³º£ÂÖ¶É,11.99,12.29,11.46,11.57,11.91,0.08,0.6717,3.3711,10265621,123381017.0,5771986000.0,3651148758.4,None
2015-08-05,'603167,²³º£ÂÖ¶É,11.91,12.57,11.83,12.0,12.17,-0.26,-2.1364,4.7433,14444264,176066182.0,5733474000.0,3626787465.6,None
2015-08-04,'603167,²³º£ÂÖ¶É,12.17,12.17,11.05,11.22,11.06,1.11,10.0362,5.539,16867258,196860867.0,5858638000.0,3705961667.2,None
2015-08-03,'603167,²³º£ÂÖ¶É,11.06,12.28,11.05,11.99,12.28,-1.22,-9.9349,5.727,17439510,199714411.0,5324284000.0,3367948729.6,None
2015-07-31,'603167,²³º£ÂÖ¶É,12.28,12.83,12.04,12.48,12.71,-0.43,-3.3832,3.4566,10525818,131632704.0,5911592000.0,3739458444.8,None
2015-07-30,'603167,²³º£ÂÖ¶É,12.71,13.44,12.61,13.1,13.06,-0.35,-2.6799,6.2962,19172968,253199683.0,6118594000.0,3870400393.6,None
2015-07-29,'603167,²³º£ÂÖ¶É,13.06,13.15,11.96,12.34,12.16,0.9,7.4013,5.8694,17873286,223335755.0,6287084000.0,3976981049.6,None
2015-07-28,'603167,²³º£ÂÖ¶É,12.16,12.48,11.08,11.6,12.31,-0.15,-1.2185,7.5996,23141927,267827255.0,5853824000.0,3702916505.6,None
2015-07-27,'603167,²³º£ÂÖ¶É,12.31,13.95,12.31,13.4,13.68,-1.37,-10.0146,6.5046,19807705,262284311.0,5926034000.0,3748593929.6,None
2015-07-24,'603167,²³º£ÂÖ¶É,13.68,14.5,13.5,14.13,14.13,-0.45,-3.1847,6.5372,19906979,279836837.0,6585552000.0,4165781068.8,None
2015-07-23,'603167,²³º£ÂÖ¶É,14.13,14.34,13.6,13.7,13.71,0.42,3.0635,7.2063,21944197,307167995.0,6802182000.0,4302813340.8,None
2015-07-22,'603167,²³º£ÂÖ¶É,13.71,13.86,12.94,12.94,12.94,0.77,5.9505,9.0175,27459740,369688003.0,6599994000.0,4174916553.6,None
2015-07-21,'603167,²³º£ÂÖ¶É,12.94,13.18,12.5,12.61,13.05,-0.11,-0.8429,5.3727,16360652,212209469.0,6229316000.0,3940439110.4,None
2015-07-20,'603167,²³º£ÂÖ¶É,13.05,13.25,12.45,12.51,12.51,0.54,4.3165,6.974,21236929,273983185.0,6282270000.0,3973935888.0,None
2015-07-17,'603167,²³º£ÂÖ¶É,12.51,12.57,11.4,11.61,11.47,1.04,9.0671,5.1468,15672760,190678534.0,6022314000.0,3809497161.6,None
2015-07-16,'603167,²³º£ÂÖ¶É,11.47,11.97,10.15,11.05,11.16,0.31,2.7778,5.251,15989994,180203256.0,5521658000.0,3492800355.2,None
2015-07-15,'603167,²³º£ÂÖ¶É,11.16,12.28,11.16,11.98,12.4,-1.24,-10.0,6.1771,18810220,217023207.0,5372424000.0,3398400345.6,None
2015-07-14,'603167,XD²³º£ÂÖ,12.4,12.99,11.9,12.15,11.84,0.56,4.7297,11.2461,34246056,426560331.0,5969360000.0,3776000384.0,None
2015-07-13,'603167,²³º£ÂÖ¶É,11.99,11.99,11.5,11.98,10.9,1.09,10.0,7.0354,21423799,254441577.0,5771986000.0,3651148758.4,None
2015-07-10,'603167,²³º£ÂÖ¶É,10.9,10.9,10.23,10.5,9.91,0.99,9.9899,3.4626,10544058,112901535.0,5247260000.0,3319226144.0,None
2015-07-09,'603167,²³º£ÂÖ¶É,9.91,9.91,8.15,8.15,9.01,0.9,9.9889,8.1377,24780754,228955631.0,4770674000.0,3017755145.6,None
2015-07-08,'603167,²³º£ÂÖ¶É,9.01,9.01,9.01,9.01,10.01,-1.0,-9.99,1.4975,4560100,41086501.0,4337414000.0,2743690601.6,None
2015-07-07,'603167,²³º£ÂÖ¶É,10.01,10.6,10.01,10.6,11.12,-1.11,-9.982,4.7878,14579489,148630294.0,4818814000.0,3048206761.6,None
2015-07-06,'603167,²³º£ÂÖ¶É,11.12,13.6,11.12,13.6,12.36,-1.24,-10.0324,7.9125,24094905,289905033.0,5353168000.0,3386219699.2,None
2015-07-03,'603167,²³º£ÂÖ¶É,12.36,14.1,12.36,13.0,13.73,-1.37,-9.9782,6.6639,20292720,257847943.0,5950104000.0,3763819737.6,None
2015-07-02,'603167,²³º£ÂÖ¶É,13.73,15.42,13.73,15.19,15.25,-1.52,-9.9672,6.1145,18619772,265539840.0,6609622000.0,4181006876.8,None
2015-07-01,'603167,²³º£ÂÖ¶É,15.25,17.28,15.0,16.5,16.63,-1.38,-8.2983,6.1218,18641726,307686875.0,7341350000.0,4643871440.0,None
2015-06-30,'603167,²³º£ÂÖ¶É,16.63,16.82,14.2,14.81,15.78,0.85,5.3866,8.9454,27240198,415886029.0,8005682000.0,5064103740.8,None
2015-06-29,'603167,²³º£ÂÖ¶É,15.78,18.14,15.78,18.09,17.53,-1.75,-9.9829,6.5148,19838634,322894336.0,7596492000.0,4805265004.8,None
2015-06-26,'603167,²³º£ÂÖ¶É,17.53,18.76,17.53,18.76,19.48,-1.95,-10.0103,5.071,15442009,275028018.0,8438942000.0,5338168284.8,None
2015-06-25,'603167,²³º£ÂÖ¶É,19.48,20.94,19.2,20.91,20.9,-1.42,-6.7943,4.1149,12530452,254371683.0,9377672000.0,5931974796.8,None
2015-06-24,'603167,²³º£ÂÖ¶É,20.9,21.25,19.7,20.81,20.66,0.24,1.1617,5.9197,18026421,371234950.0,10061260000.0,6364387744.0,None
2015-06-23,'603167,²³º£ÂÖ¶É,20.66,20.86,18.39,20.0,20.35,0.31,1.5233,4.7405,14435642,290567513.0,9945724000.0,6291303865.6,None
2015-06-19,'603167,²³º£ÂÖ¶É,20.35,21.2,19.58,20.48,21.27,-0.92,-4.3253,5.1038,15541873,318707257.0,9796490000.0,6196903856.0,None
2015-06-18,'603167,²³º£ÂÖ¶É,21.27,23.01,21.02,21.53,21.54,-0.27,-1.2535,5.875,17890200,397023038.0,10239378000.0,6477058723.2,None
2015-06-17,'603167,²³º£ÂÖ¶É,21.54,21.85,20.21,20.31,20.31,1.23,6.0561,6.2524,19039583,399481833.0,10369356000.0,6559278086.4,None
2015-06-16,'603167,²³º£ÂÖ¶É,20.31,21.78,20.0,21.78,22.19,-1.88,-8.4723,5.8884,17931167,374907012.0,9777234000.0,6184723209.6,None
2015-06-15,'603167,²³º£ÂÖ¶É,22.19,23.3,21.99,23.11,23.11,-0.92,-3.981,7.8879,24019808,539947397.0,10682266000.0,6757213590.4,None
2015-06-12,'603167,²³º£ÂÖ¶É,23.11,23.98,22.42,23.4,23.18,-0.07,-0.302,10.3479,31511108,731181612.0,11125154000.0,7037368457.6,None
2015-06-11,'603167,²³º£ÂÖ¶É,23.18,23.18,20.68,20.9,21.07,2.11,10.0142,11.3062,34429108,756355800.0,11158852000.0,7058684588.8,None
2015-06-10,'603167,²³º£ÂÖ¶É,21.07,21.65,19.22,19.5,19.95,1.12,5.614,9.434,28728056,585883471.0,10143098000.0,6416155491.2,None
2015-06-09,'603167,²³º£ÂÖ¶É,19.95,20.72,19.72,20.49,20.77,-0.82,-3.948,7.5895,23111115,466154946.0,9603930000.0,6075097392.0,None
2015-06-08,'603167,²³º£ÂÖ¶É,20.77,21.0,19.6,19.8,19.85,0.92,4.6348,14.0531,42793858,872715642.0,9998678000.0,6324800643.2,None
2015-06-05,'603167,²³º£ÂÖ¶É,19.85,20.14,19.2,19.76,19.39,0.46,2.3724,10.0954,30742039,607730687.0,9555790000.0,6044645776.0,None
2015-06-04,'603167,²³º£ÂÖ¶É,19.39,20.39,18.01,19.96,20.01,-0.62,-3.0985,12.2852,37410533,723575416.0,9334346000.0,5904568342.4,None
2015-06-03,'603167,²³º£ÂÖ¶É,20.01,20.19,18.4,18.46,18.75,1.26,6.72,15.3436,46723850,896080018.0,9632814000.0,6093368361.6,None
2015-06-02,'603167,²³º£ÂÖ¶É,18.75,19.5,18.0,18.13,18.13,0.62,3.4197,17.6583,53772348,1011711157.0,9026250000.0,5709678000.0,None
2015-06-01,'603167,²³º£ÂÖ¶É,18.13,18.13,16.56,16.75,16.48,1.65,10.0121,10.0378,30566642,533849680.0,8727782000.0,5520877980.8,None
2015-05-29,'603167,²³º£ÂÖ¶É,16.48,17.09,15.65,16.6,16.77,-0.29,-1.7293,8.4974,25875998,425209685.0,7933472000.0,5018426316.8,None
2015-05-28,'603167,²³º£ÂÖ¶É,16.77,19.2,16.77,18.56,18.63,-1.86,-9.9839,13.0482,39733862,730758298.0,8073078000.0,5106736003.2,None
2015-05-27,'603167,²³º£ÂÖ¶É,18.63,19.19,18.48,19.0,18.84,-0.21,-1.1146,11.5027,35027727,656570720.0,8968482000.0,5673136060.8,None
2015-05-26,'603167,²³º£ÂÖ¶É,18.84,18.98,17.5,17.82,17.77,1.07,6.0214,14.8749,45296332,820447663.0,9069576000.0,5737084454.4,None
2015-05-25,'603167,²³º£ÂÖ¶É,17.77,17.87,16.93,17.05,17.19,0.58,3.3741,12.0011,36545171,641038924.0,8554478000.0,5411252163.2,None
2015-05-22,'603167,²³º£ÂÖ¶É,17.19,17.32,16.45,16.98,16.89,0.3,1.7762,12.2571,37324819,633706553.0,8275266000.0,5234632790.4,None
2015-05-21,'603167,²³º£ÂÖ¶É,16.89,17.09,16.1,16.21,16.22,0.67,4.1307,8.1504,24819181,416298371.0,8130846000.0,5143277942.4,None
2015-05-20,'603167,²³º£ÂÖ¶É,16.22,16.74,16.0,16.11,16.1,0.12,0.7453,7.137,21733403,355843523.0,7808308000.0,4939252115.2,None
2015-05-19,'603167,²³º£ÂÖ¶É,16.1,16.17,15.53,15.53,15.59,0.51,3.2713,6.7456,20541455,325905664.0,7750540000.0,4902710176.0,None
2015-05-18,'603167,²³º£ÂÖ¶É,15.59,15.6,15.01,15.3,15.37,0.22,1.4314,5.2847,16092753,247604176.0,7505026000.0,4747406934.4,None
2015-05-15,'603167,²³º£ÂÖ¶É,15.37,15.95,15.29,15.95,16.0,-0.63,-3.9375,5.0238,15298292,237999995.0,7399118000.0,4680413379.2,None
2015-05-14,'603167,²³º£ÂÖ¶É,16.0,16.17,15.54,15.74,15.87,0.13,0.8192,6.1045,18589117,295008458.0,7702400000.0,4872258560.0,None
2015-05-13,'603167,²³º£ÂÖ¶É,15.87,15.95,15.46,15.77,15.8,0.07,0.443,6.0147,18315654,287749484.0,7639818000.0,4832671459.2,None
2015-05-12,'603167,²³º£ÂÖ¶É,15.8,15.98,15.41,15.67,15.66,0.14,0.894,5.6098,17082725,268558713.0,7606120000.0,4811355328.0,None
2015-05-11,'603167,²³º£ÂÖ¶É,15.66,15.68,15.13,15.36,15.13,0.53,3.503,5.7667,17560560,271483030.0,7538724000.0,4768723065.6,None
2015-05-08,'603167,²³º£ÂÖ¶É,15.13,15.18,14.69,14.93,14.68,0.45,3.0654,4.0928,12463126,186266792.0,7283582000.0,4607329500.8,None
2015-05-07,'603167,²³º£ÂÖ¶É,14.68,15.15,14.58,14.97,14.97,-0.29,-1.9372,4.016,12229225,181199378.0,7066952000.0,4470297228.8,None
2015-05-06,'603167,²³º£ÂÖ¶É,14.97,15.65,14.75,15.5,15.4,-0.43,-2.7922,5.2079,15858867,242693965.0,7206558000.0,4558606915.2,None
2015-05-05,'603167,²³º£ÂÖ¶É,15.4,16.34,15.37,16.34,16.38,-0.98,-5.9829,5.6888,17323251,274315931.0,7413560000.0,4689548864.0,None
2015-05-04,'603167,²³º£ÂÖ¶É,16.38,16.66,16.0,16.66,16.68,-0.3,-1.7986,5.6625,17243353,279415551.0,7885332000.0,4987974700.8,None
2015-04-30,'603167,²³º£ÂÖ¶É,16.68,17.21,16.46,16.58,16.63,0.05,0.3007,5.2942,16121593,272000933.0,8029752000.0,5079329548.8,None
2015-04-29,'603167,²³º£ÂÖ¶É,16.63,16.89,15.88,16.5,16.91,-0.28,-1.6558,7.2601,22108037,362728078.0,8005682000.0,5064103740.8,None
2015-04-28,'603167,²³º£ÂÖ¶É,16.91,18.03,16.91,17.68,18.79,-1.88,-10.0053,14.6909,44736267,770473817.0,8140474000.0,5149368265.6,None
2015-04-27,'603167,²³º£ÂÖ¶É,18.79,19.8,18.1,18.11,18.04,0.75,4.1574,10.5583,32151601,604935037.0,9045506000.0,5721858646.4,None
2015-04-24,'603167,²³º£ÂÖ¶É,18.04,18.26,16.6,16.99,17.27,0.77,4.4586,8.6311,26283108,464301190.0,8684456000.0,5493471526.4,None
2015-04-23,'603167,²³º£ÂÖ¶É,17.27,17.5,16.92,17.24,17.19,0.08,0.4654,5.4833,16697465,286883781.0,8313778000.0,5258994083.2,None
2015-04-22,'603167,²³º£ÂÖ¶É,17.19,17.3,16.96,17.05,16.95,0.24,1.4159,6.3773,19419919,332411171.0,8275266000.0,5234632790.4,None
2015-04-21,'603167,²³º£ÂÖ¶É,16.95,17.1,16.0,16.32,16.42,0.53,3.2278,6.0251,18347364,304892771.0,8159730000.0,5161548912.0,None
2015-04-20,'603167,²³º£ÂÖ¶É,16.42,17.33,16.15,16.91,16.86,-0.44,-2.6097,7.2874,22191460,371204801.0,7904588000.0,5000155347.2,None
2015-04-17,'603167,²³º£ÂÖ¶É,16.86,17.68,16.55,16.55,16.36,0.5,3.0562,9.2905,28291050,482429761.0,8116404000.0,5134142457.6,None
2015-04-16,'603167,²³º£ÂÖ¶É,16.36,16.68,15.16,15.78,15.96,0.4,2.5063,5.8438,17795199,286574361.0,7875704000.0,4981884377.6,None
2015-04-15,'603167,²³º£ÂÖ¶É,15.96,16.95,15.8,16.95,16.98,-1.02,-6.0071,5.5207,16811417,274742308.0,7683144000.0,4860077913.6,None
2015-04-14,'603167,²³º£ÂÖ¶É,16.98,17.6,16.72,17.14,16.92,0.06,0.3546,9.5195,28988266,496472486.0,8174172000.0,5170684396.8,None
2015-04-13,'603167,²³º£ÂÖ¶É,16.92,16.92,15.44,15.45,15.38,1.54,10.013,9.4208,28687836,477054795.0,8145288000.0,5152413427.2,None
2015-04-10,'603167,²³º£ÂÖ¶É,15.38,15.43,14.48,14.48,14.68,0.7,4.7684,6.8469,20849930,315539158.0,7403932000.0,4683458540.8,None
2015-04-09,'603167,²³º£ÂÖ¶É,14.68,15.08,14.26,15.01,14.97,-0.29,-1.9372,6.0468,18413540,268270498.0,7066952000.0,4470297228.8,None
2015-04-08,'603167,²³º£ÂÖ¶É,14.97,15.46,14.84,15.46,15.38,-0.41,-2.6658,6.4653,19687766,296131809.0,7206558000.0,4558606915.2,None
2015-04-07,'603167,²³º£ÂÖ¶É,15.38,15.6,15.25,15.39,15.29,0.09,0.5886,5.8774,17897660,274950459.0,7403932000.0,4683458540.8,None
2015-04-03,'603167,²³º£ÂÖ¶É,15.29,15.36,14.94,15.09,15.09,0.2,1.3254,6.9176,21065326,319788227.0,7360606000.0,4656052086.4,None
2015-04-02,'603167,²³º£ÂÖ¶É,15.09,15.44,14.8,15.14,15.06,0.03,0.1992,6.1004,18576584,280291781.0,7264326000.0,4595148854.4,None
2015-04-01,'603167,²³º£ÂÖ¶É,15.06,15.29,14.58,14.64,14.65,0.41,2.7986,8.2133,25010975,376923943.0,7249884000.0,4586013369.6,None
2015-03-31,'603167,²³º£ÂÖ¶É,14.65,14.98,14.13,14.32,14.33,0.32,2.2331,7.9301,24148462,351996819.0,7052510000.0,4461161744.0,None
2015-03-30,'603167,²³º£ÂÖ¶É,14.33,14.68,14.25,14.65,14.28,0.05,0.3501,5.9982,18265418,262746209.0,6898462000.0,4363716572.8,None
2015-03-27,'603167,²³º£ÂÖ¶É,14.28,14.49,13.9,14.03,13.99,0.29,2.0729,7.0332,21417314,306659654.0,6874392000.0,4348490764.8,None
2015-03-26,'603167,²³º£ÂÖ¶É,13.99,14.25,13.43,13.64,13.6,0.39,2.8676,8.4529,25740360,360169983.0,6734786000.0,4260181078.4,None
2015-03-25,'603167,²³º£ÂÖ¶É,13.6,13.61,13.22,13.52,13.59,0.01,0.0736,5.5518,16906219,226412899.0,6547040000.0,4141419776.0,None
2015-03-24,'603167,²³º£ÂÖ¶É,13.59,14.01,13.17,13.93,14.0,-0.41,-2.9286,7.5071,22860392,310961411.0,6542226000.0,4138374614.4,None
2015-03-23,'603167,²³º£ÂÖ¶É,14.0,14.26,13.84,14.13,13.99,0.01,0.0715,5.9192,18024853,251705946.0,6739600000.0,4263226240.0,None
2015-03-20,'603167,²³º£ÂÖ¶É,13.99,14.09,13.81,13.81,13.82,0.17,1.2301,5.4938,16729511,233889060.0,6734786000.0,4260181078.4,None
2015-03-19,'603167,²³º£ÂÖ¶É,13.82,13.96,13.66,13.86,13.97,-0.15,-1.0737,5.3434,16271521,224421890.0,6652948000.0,4208413331.2,None
2015-03-18,'603167,²³º£ÂÖ¶É,13.97,14.12,13.7,13.94,13.89,0.08,0.576,6.5899,20067210,278448053.0,6725158000.0,4254090755.2,None
2015-03-17,'603167,²³º£ÂÖ¶É,13.89,14.14,13.49,13.55,13.57,0.32,2.3581,9.1203,27772718,384494465.0,6686646000.0,4229729462.4,None
2015-03-16,'603167,²³º£ÂÖ¶É,13.57,13.68,13.13,13.4,13.35,0.22,1.6479,8.1103,24697129,332209697.0,6532598000.0,4132284291.2,None
2015-03-13,'603167,²³º£ÂÖ¶É,13.35,13.49,12.84,12.93,12.84,0.51,3.972,7.0692,21526851,286175781.0,6426690000.0,4065290736.0,None
2015-03-12,'603167,²³º£ÂÖ¶É,12.84,13.11,12.76,13.09,13.22,-0.38,-2.8744,5.4106,16476302,212508918.0,6181176000.0,3909987494.4,None
2015-03-11,'603167,²³º£ÂÖ¶É,13.22,13.39,12.59,12.8,12.82,0.4,3.1201,11.4362,34825004,454714961.0,6364108000.0,4025703635.2,None
2015-03-10,'603167,²³º£ÂÖ¶É,12.82,13.09,12.16,12.16,12.12,0.7,5.7756,12.1028,36854991,465162098.0,6171548000.0,3903897171.2,None
2015-03-09,'603167,²³º£ÂÖ¶É,12.12,12.13,11.77,11.96,11.95,0.17,1.4226,2.9204,8892994,106385487.0,5834568000.0,3690735859.2,None
2015-03-06,'603167,²³º£ÂÖ¶É,11.95,12.07,11.82,12.06,12.03,-0.08,-0.665,2.7589,8401308,100683914.0,5752730000.0,3638968112.0,None
2015-03-05,'603167,²³º£ÂÖ¶É,12.03,12.12,11.93,12.12,12.09,-0.06,-0.4963,2.7894,8494063,101916709.0,5791242000.0,3663329404.8,None
2015-03-04,'603167,²³º£ÂÖ¶É,12.09,12.1,11.87,11.97,11.96,0.13,1.087,3.2201,9805580,117578865.0,5820126000.0,3681600374.4,None
2015-03-03,'603167,²³º£ÂÖ¶É,11.96,12.25,11.92,12.17,12.2,-0.24,-1.9672,3.354,10213408,123538048.0,5757544000.0,3642013273.6,None
2015-03-02,'603167,²³º£ÂÖ¶É,12.2,12.21,11.93,12.06,12.03,0.17,1.4131,3.4437,10486647,126636865.0,5873080000.0,3715097152.0,None
2015-02-27,'603167,²³º£ÂÖ¶É,12.03,12.06,11.91,11.98,12.0,0.03,0.25,2.6401,8039624,96376789.0,5791242000.0,3663329404.8,None
2015-02-26,'603167,²³º£ÂÖ¶É,12.0,12.23,11.8,11.84,11.67,0.33,2.8278,4.4286,13485953,162340721.0,5776800000.0,3654193920.0,None
2015-02-25,'603167,²³º£ÂÖ¶É,11.67,11.85,11.58,11.79,11.79,-0.12,-1.0178,1.3939,4244606,49646715.0,5617938000.0,3553703587.2,None
2015-02-17,'603167,²³º£ÂÖ¶É,11.79,11.84,11.66,11.71,11.68,0.11,0.9418,2.2152,6745629,79302801.0,5675706000.0,3590245526.4,None
2015-02-16,'603167,²³º£ÂÖ¶É,11.68,11.73,11.51,11.52,11.52,0.16,1.3889,1.8447,5617370,65507722.0,5622752000.0,3556748748.8,None
2015-02-13,'603167,²³º£ÂÖ¶É,11.52,11.54,11.31,11.31,11.29,0.23,2.0372,2.1712,6611687,75607909.0,5545728000.0,3508026163.2,None
2015-02-12,'603167,²³º£ÂÖ¶É,11.29,11.32,11.16,11.22,11.2,0.09,0.8036,1.4572,4437522,49898060.0,5435006000.0,3437987446.4,None
2015-02-11,'603167,²³º£ÂÖ¶É,11.2,11.37,11.15,11.37,11.28,-0.08,-0.7092,1.5403,4690471,52855536.0,5391680000.0,3410580992.0,None
2015-02-10,'603167,²³º£ÂÖ¶É,11.28,11.38,11.16,11.16,11.16,0.12,1.0753,1.4974,4559673,51257264.0,5430192000.0,3434942284.8,None
2015-02-09,'603167,²³º£ÂÖ¶É,11.16,11.3,11.05,11.09,11.16,0.0,0.0,1.2154,3701164,41329786.0,5372424000.0,3398400345.6,None
2015-02-06,'603167,²³º£ÂÖ¶É,11.16,11.57,11.04,11.35,11.38,-0.22,-1.9332,1.7112,5210877,59014659.0,5372424000.0,3398400345.6,None
2015-02-05,'603167,²³º£ÂÖ¶É,11.38,11.52,11.35,11.46,11.34,0.04,0.3527,1.4418,4390415,50173845.0,5478332000.0,3465393900.8,None
2015-02-04,'603167,²³º£ÂÖ¶É,11.34,11.64,11.32,11.62,11.6,-0.26,-2.2414,1.8286,5568267,64004707.0,5459076000.0,3453213254.4,None
2015-02-03,'603167,²³º£ÂÖ¶É,11.6,11.62,11.41,11.51,11.43,0.17,1.4873,1.5253,4644810,53453425.0,5584240000.0,3532387456.0,None
2015-02-02,'603167,²³º£ÂÖ¶É,11.43,11.59,11.42,11.55,11.67,-0.24,-2.0566,1.5684,4776056,54906374.0,5502402000.0,3480619708.8,None
2015-01-30,'603167,²³º£ÂÖ¶É,11.67,11.98,11.6,11.86,11.94,-0.27,-2.2613,2.1367,6506496,76809042.0,5617938000.0,3553703587.2,None
2015-01-29,'603167,²³º£ÂÖ¶É,11.94,12.11,11.58,11.62,11.78,0.16,1.3582,4.2897,13062767,155081045.0,5747916000.0,3635922950.4,None
2015-01-28,'603167,²³º£ÂÖ¶É,11.78,12.0,11.72,12.0,12.01,-0.23,-1.9151,3.0632,9327791,110437697.0,5670892000.0,3587200364.8,None
2015-01-27,'603167,²³º£ÂÖ¶É,12.01,12.05,11.56,11.88,11.81,0.2,1.6935,4.7808,14558383,172213599.0,5781614000.0,3657239081.6,None
2015-01-26,'603167,²³º£ÂÖ¶É,11.81,11.82,11.53,11.59,11.6,0.21,1.8103,3.1671,9644278,112706230.0,5685334000.0,3596335849.6,None
2015-01-23,'603167,²³º£ÂÖ¶É,11.6,11.83,11.51,11.73,11.7,-0.1,-0.8547,3.2531,9906339,115695608.0,5584240000.0,3532387456.0,None
2015-01-22,'603167,²³º£ÂÖ¶É,11.7,11.75,11.51,11.68,11.66,0.04,0.3431,3.0927,9417785,109673097.0,5632380000.0,3562839072.0,None
2015-01-21,'603167,²³º£ÂÖ¶É,11.66,11.81,11.15,11.23,11.15,0.51,4.574,4.5017,13708389,158022859.0,5613124000.0,3550658425.6,None
2015-01-20,'603167,²³º£ÂÖ¶É,11.15,11.16,10.75,10.75,10.74,0.41,3.8175,2.3229,7073488,77475512.0,5367610000.0,3395355184.0,None
2015-01-19,'603167,²³º£ÂÖ¶É,10.74,11.2,10.55,11.04,11.2,-0.46,-4.1071,2.5551,7780644,84901608.0,5170236000.0,3270503558.4,None
2015-01-16,'603167,²³º£ÂÖ¶É,11.2,11.25,11.11,11.13,11.16,0.04,0.3584,1.8056,5498288,61492995.0,5391680000.0,3410580992.0,None
2015-01-15,'603167,²³º£ÂÖ¶É,11.16,11.18,11.04,11.04,11.06,0.1,0.9042,1.3172,4010950,44584063.0,5372424000.0,3398400345.6,None
2015-01-14,'603167,²³º£ÂÖ¶É,11.06,11.15,10.98,11.14,11.12,-0.06,-0.5396,1.3632,4151300,45952992.0,5324284000.0,3367948729.6,None
2015-01-13,'603167,²³º£ÂÖ¶É,11.12,11.15,10.86,10.86,10.94,0.18,1.6453,1.385,4217510,46459473.0,5353168000.0,3386219699.2,None
2015-01-12,'603167,²³º£ÂÖ¶É,10.94,11.31,10.9,11.3,11.41,-0.47,-4.1192,2.9437,8963991,99060807.0,5266516000.0,3331406790.4,None
2015-01-09,'603167,²³º£ÂÖ¶É,11.41,11.73,11.4,11.51,11.59,-0.18,-1.5531,2.9388,8949119,103785687.0,5492774000.0,3474529385.6,None
2015-01-08,'603167,²³º£ÂÖ¶É,11.59,11.88,11.21,11.5,11.56,0.03,0.2595,4.0676,12386580,143147253.0,5579426000.0,3529342294.4,None
2015-01-07,'603167,²³º£ÂÖ¶É,11.56,11.74,11.46,11.66,11.65,-0.09,-0.7725,2.1762,6626916,76633843.0,5564984000.0,3520206809.6,None
2015-01-06,'603167,²³º£ÂÖ¶É,11.65,11.82,11.23,11.32,11.32,0.33,2.9152,3.7464,11408353,132450322.0,5608310000.0,3547613264.0,None
2015-01-05,'603167,²³º£ÂÖ¶É,11.32,11.38,11.01,11.19,11.12,0.2,1.7986,2.7029,8230700,92192840.0,5449448000.0,3447122931.2,None
2014-12-31,'603167,²³º£ÂÖ¶É,11.12,11.25,10.88,11.06,11.1,0.02,0.1802,2.9994,9133791,100987108.0,5353168000.0,3386219699.2,None
2014-12-30,'603167,²³º£ÂÖ¶É,11.1,11.8,11.04,11.62,11.72,-0.62,-5.2901,5.1088,15557102,176499082.0,5343540000.0,3380129376.0,None
2014-12-29,'603167,²³º£ÂÖ¶É,11.72,12.36,11.61,12.36,12.26,-0.54,-4.4046,5.1202,15591721,185500674.0,5642008000.0,3568929395.2,None
2014-12-26,'603167,²³º£ÂÖ¶É,12.26,12.28,11.87,12.05,12.06,0.2,1.6584,3.8523,11730937,141191594.0,5901964000.0,3733368121.6,None
2014-12-25,'603167,²³º£ÂÖ¶É,12.06,12.13,11.88,12.02,12.0,0.06,0.5,2.9521,8989511,107773904.0,5805684000.0,3672464889.6,None
2014-12-24,'603167,²³º£ÂÖ¶É,12.0,12.18,11.75,11.91,11.85,0.15,1.2658,2.6144,7961306,95483535.0,5776800000.0,3654193920.0,None
2014-12-23,'603167,²³º£ÂÖ¶É,11.85,12.19,11.5,12.19,12.25,-0.4,-3.2653,3.9102,11907152,140977149.0,5704590000.0,3608516496.0,None
2014-12-22,'603167,²³º£ÂÖ¶É,12.25,13.53,12.25,13.53,13.61,-1.36,-9.9927,9.1919,27990709,354553955.0,5897150000.0,3730322960.0,None
2014-12-19,'603167,²³º£ÂÖ¶É,13.61,13.65,12.85,13.0,13.08,0.53,4.052,15.1611,46167889,617137954.0,6551854000.0,4144464937.6,None
2014-12-18,'603167,²³º£ÂÖ¶É,13.08,13.18,12.1,12.32,12.51,0.57,4.5564,10.3726,31586332,407028456.0,6296712000.0,3983071372.8,None
2014-12-17,'603167,²³º£ÂÖ¶É,12.51,12.84,12.22,12.6,12.6,-0.09,-0.7143,5.0521,15384600,192881837.0,6022314000.0,3809497161.6,None
2014-12-16,'603167,²³º£ÂÖ¶É,12.6,12.89,12.51,12.87,12.8,-0.2,-1.5625,4.0225,12249119,154511459.0,6065640000.0,3836903616.0,None
2014-12-15,'603167,²³º£ÂÖ¶É,12.8,13.07,12.68,12.76,12.75,0.05,0.3922,5.5133,16788789,215756375.0,6161920000.0,3897806848.0,None
2014-12-12,'603167,²³º£ÂÖ¶É,12.75,12.82,12.43,12.6,12.6,0.15,1.1905,5.584,17004200,214870401.0,6137850000.0,3882581040.0,None
2014-12-11,'603167,²³º£ÂÖ¶É,12.6,12.74,11.96,12.08,12.09,0.51,4.2184,7.7457,23586944,294299003.0,6065640000.0,3836903616.0,None
2014-12-10,'603167,²³º£ÂÖ¶É,12.09,12.1,11.46,11.66,11.67,0.42,3.599,5.506,16766602,197646797.0,5820126000.0,3681600374.4,None
2014-12-09,'603167,²³º£ÂÖ¶É,11.67,12.24,11.62,12.1,12.1,-0.43,-3.5537,7.7282,23533664,281865382.0,5617938000.0,3553703587.2,None
2014-12-08,'603167,²³º£ÂÖ¶É,12.1,12.38,11.85,12.08,12.01,0.09,0.7494,5.5989,17049461,206905655.0,5824940000.0,3684645536.0,None
2014-12-05,'603167,²³º£ÂÖ¶É,12.01,12.82,11.9,12.8,12.82,-0.81,-6.3183,9.5288,29016838,353838273.0,5781614000.0,3657239081.6,None
2014-12-04,'603167,²³º£ÂÖ¶É,12.82,12.88,12.57,12.7,12.72,0.1,0.7862,5.1953,15820438,200936260.0,6171548000.0,3903897171.2,None
2014-12-03,'603167,²³º£ÂÖ¶É,12.72,12.8,12.52,12.79,12.79,-0.07,-0.5473,4.7058,14329960,180785058.0,6123408000.0,3873445555.2,None
2014-12-02,'603167,²³º£ÂÖ¶É,12.79,12.92,12.59,12.73,12.78,0.01,0.0782,5.7683,17565286,223377320.0,6157106000.0,3894761686.4,None
2014-12-01,'603167,²³º£ÂÖ¶É,12.78,13.65,12.72,13.59,13.39,-0.61,-4.5556,6.8749,20935174,275239895.0,6152292000.0,3891716524.8,None
2014-11-28,'603167,²³º£ÂÖ¶É,13.39,13.87,13.25,13.28,13.19,0.2,1.5163,7.7992,23749932,320724950.0,6445946000.0,4077471382.4,None
2014-11-27,'603167,²³º£ÂÖ¶É,13.19,13.25,12.81,12.87,12.79,0.4,3.1274,7.2367,22037015,288006348.0,6349666000.0,4016568150.4,None
2014-11-26,'603167,²³º£ÂÖ¶É,12.79,12.93,12.63,12.91,12.88,-0.09,-0.6988,3.9941,12162633,155003659.0,6157106000.0,3894761686.4,None
2014-11-25,'603167,²³º£ÂÖ¶É,12.88,12.9,12.56,12.68,12.73,0.15,1.1783,4.4508,13553271,172393521.0,6200432000.0,3922168140.8,None
2014-11-24,'603167,²³º£ÂÖ¶É,12.73,12.8,12.54,12.63,12.55,0.18,1.4343,3.6203,11024326,139622932.0,6128222000.0,3876490716.8,None
2014-11-21,'603167,²³º£ÂÖ¶É,12.55,12.63,12.44,12.44,12.5,0.05,0.4,2.5912,7890684,98736194.0,6041570000.0,3821677808.0,None
2014-11-20,'603167,²³º£ÂÖ¶É,12.5,12.73,12.34,12.44,12.5,0.0,0.0,2.8847,8784450,110032779.0,6017500000.0,3806452000.0,None
2014-11-19,'603167,²³º£ÂÖ¶É,12.5,13.02,12.5,12.93,12.93,-0.43,-3.3256,4.4414,13524847,171604768.0,6017500000.0,3806452000.0,None
2014-11-18,'603167,²³º£ÂÖ¶É,12.93,13.23,12.77,13.0,12.89,0.04,0.3103,2.4778,7545443,97829023.0,6224502000.0,3937393948.8,None
2014-11-17,'603167,²³º£ÂÖ¶É,12.89,13.08,12.5,12.73,12.7,0.19,1.4961,2.9387,8948732,114955716.0,6205246000.0,3925213302.4,None
2014-11-14,'603167,²³º£ÂÖ¶É,12.7,12.81,12.33,12.54,12.64,0.06,0.4747,2.7188,8279217,104361104.0,6113780000.0,3867355232.0,None
2014-11-13,'603167,²³º£ÂÖ¶É,12.64,13.1,12.32,12.85,12.9,-0.26,-2.0155,5.0425,15355283,193478614.0,6084896000.0,3849084262.4,None
2014-11-12,'603167,²³º£ÂÖ¶É,12.9,13.29,12.68,13.29,13.24,-0.34,-2.568,5.4911,16721437,215730402.0,6210060000.0,3928258464.0,None
2014-11-11,'603167,²³º£ÂÖ¶É,13.24,14.67,13.23,14.67,14.7,-1.46,-9.932,8.8899,27071232,373594217.0,6373736000.0,4031793958.4,None
2014-11-10,'603167,²³º£ÂÖ¶É,14.7,14.81,13.9,14.13,14.14,0.56,3.9604,10.6378,32393826,469064391.0,7076580000.0,4476387552.0,None
2014-11-07,'603167,²³º£ÂÖ¶É,14.14,14.3,13.52,13.7,13.68,0.46,3.3626,6.5772,20028613,278299362.0,6806996000.0,4305858502.4,None
2014-11-06,'603167,²³º£ÂÖ¶É,13.68,13.94,13.5,13.74,13.98,-0.3,-2.1459,4.0951,12470221,170551833.0,6585552000.0,4165781068.8,None
2014-11-05,'603167,²³º£ÂÖ¶É,13.98,14.24,13.2,13.65,13.84,0.14,1.0116,6.5994,20096308,274294728.0,6729972000.0,4257135916.8,None
2014-11-04,'603167,²³º£ÂÖ¶É,13.84,15.02,13.75,14.7,14.49,-0.65,-4.4859,8.7525,26652855,384160036.0,6662576000.0,4214503654.4,None
2014-11-03,'603167,²³º£ÂÖ¶É,14.49,14.6,13.88,14.1,14.05,0.44,3.1317,6.4173,19541805,279019736.0,6975486000.0,4412439158.4,None
2014-10-31,'603167,²³º£ÂÖ¶É,14.05,14.4,13.89,14.4,14.34,-0.29,-2.0223,4.6832,14260955,200622994.0,6763670000.0,4278452048.0,None
2014-10-30,'603167,²³º£ÂÖ¶É,14.34,14.61,13.7,13.94,13.94,0.4,2.8694,9.2474,28159800,401201748.0,6903276000.0,4366761734.4,None
2014-10-29,'603167,²³º£ÂÖ¶É,13.94,13.94,12.5,12.68,12.67,1.27,10.0237,7.7164,23497715,311635112.0,6710716000.0,4244955270.4,None
2014-10-28,'603167,²³º£ÂÖ¶É,12.67,12.77,12.46,12.53,12.46,0.21,1.6854,2.5557,7782432,98211176.0,6099338000.0,3858219747.2,None
2014-10-27,'603167,²³º£ÂÖ¶É,12.46,12.75,12.02,12.23,12.3,0.16,1.3008,2.0967,6384848,79537786.0,5998244000.0,3794271353.6,None
2014-10-24,'603167,²³º£ÂÖ¶É,12.3,12.5,12.0,12.05,12.09,0.21,1.737,3.2441,9878816,121719512.0,5921220000.0,3745548768.0,None
2014-10-23,'603167,²³º£ÂÖ¶É,12.09,12.13,11.64,11.91,11.92,0.17,1.4262,2.2823,6950082,82296266.0,5820126000.0,3681600374.4,None
2014-10-22,'603167,²³º£ÂÖ¶É,11.92,12.45,11.85,12.33,12.39,-0.47,-3.7934,3.5542,10823018,131281895.0,5738288000.0,3629832627.2,None
2014-10-21,'603167,²³º£ÂÖ¶É,12.39,13.32,12.37,12.77,12.88,-0.49,-3.8043,3.0475,9280227,117137515.0,5964546000.0,3772955222.4,None
2014-10-20,'603167,²³º£ÂÖ¶É,12.88,13.4,12.52,13.15,13.03,-0.15,-1.1512,4.2706,13004629,166425063.0,6200432000.0,3922168140.8,None
2014-10-17,'603167,²³º£ÂÖ¶É,13.03,13.56,12.08,13.0,12.98,0.05,0.3852,5.1065,15550043,203271787.0,6272642000.0,3967845564.8,None
2014-10-16,'603167,²³º£ÂÖ¶É,12.98,13.56,12.76,12.91,12.9,0.08,0.6202,6.5538,19957317,264048363.0,6248572000.0,3952619756.8,None
2014-10-15,'603167,²³º£ÂÖ¶É,12.9,13.06,12.28,12.41,12.41,0.49,3.9484,5.8285,17748864,226856695.0,6210060000.0,3928258464.0,None
2014-10-14,'603167,²³º£ÂÖ¶É,12.41,12.58,12.28,12.51,12.55,-0.14,-1.1155,2.4594,7489285,93145624.0,5974174000.0,3779045545.6,None
2014-10-13,'603167,²³º£ÂÖ¶É,12.55,12.56,11.98,12.32,12.33,0.22,1.7843,3.3358,10157912,124932381.0,6041570000.0,3821677808.0,None
2014-10-10,'603167,²³º£ÂÖ¶É,12.33,12.51,12.18,12.22,12.26,0.07,0.571,3.0751,9364050,115930040.0,5935662000.0,3754684252.8,None
2014-10-09,'603167,²³º£ÂÖ¶É,12.26,12.53,12.16,12.51,12.5,-0.24,-1.92,4.4084,13424219,165378806.0,5901964000.0,3733368121.6,None
2014-10-08,'603167,²³º£ÂÖ¶É,12.5,12.78,12.33,12.75,12.72,-0.22,-1.7296,3.6322,11060634,138252147.0,6017500000.0,3806452000.0,None
2014-09-30,'603167,²³º£ÂÖ¶É,12.72,12.86,12.61,12.71,12.67,0.05,0.3946,2.3648,7201116,91693608.0,6123408000.0,3873445555.2,None
2014-09-29,'603167,²³º£ÂÖ¶É,12.67,12.82,12.55,12.74,12.69,-0.02,-0.1576,3.3235,10120585,128283778.0,6099338000.0,3858219747.2,None
2014-09-26,'603167,²³º£ÂÖ¶É,12.69,12.84,12.32,12.67,12.64,0.05,0.3956,4.1282,12570902,158121786.0,6108966000.0,3864310070.4,None
2014-09-25,'603167,²³º£ÂÖ¶É,12.64,13.04,12.5,13.01,13.06,-0.42,-3.2159,4.8806,14862162,190219370.0,6084896000.0,3849084262.4,None
2014-09-24,'603167,²³º£ÂÖ¶É,13.06,13.15,12.8,12.9,12.98,0.08,0.6163,3.6814,11210394,145474583.0,6287084000.0,3976981049.6,None
2014-09-23,'603167,²³º£ÂÖ¶É,12.98,13.22,12.41,12.52,12.55,0.43,3.4263,5.9826,18218059,233462143.0,6248572000.0,3952619756.8,None
2014-09-22,'603167,²³º£ÂÖ¶É,12.55,12.8,12.15,12.15,12.2,0.35,2.8689,7.3487,22377922,280491873.0,6041570000.0,3821677808.0,None
2014-09-19,'603167,²³º£ÂÖ¶É,12.2,12.46,12.1,12.23,12.26,-0.06,-0.4894,3.1718,9658654,118384017.0,5873080000.0,3715097152.0,None
2014-09-18,'603167,²³º£ÂÖ¶É,12.26,12.43,11.98,12.15,12.27,-0.01,-0.0815,4.4182,13454278,164541873.0,5901964000.0,3733368121.6,None
2014-09-17,'603167,²³º£ÂÖ¶É,12.27,12.43,11.88,11.95,11.91,0.36,3.0227,6.1109,18608805,226078964.0,5906778000.0,3736413283.2,None
2014-09-16,'603167,²³º£ÂÖ¶É,11.91,12.7,11.82,12.55,12.63,-0.72,-5.7007,11.3038,34421928,416314800.0,5733474000.0,3626787465.6,None
2014-09-15,'603167,²³º£ÂÖ¶É,12.63,13.21,12.28,12.75,12.55,0.08,0.6375,9.7329,29638231,374939636.0,6080082000.0,3846039100.8,None
2014-09-12,'603167,²³º£ÂÖ¶É,12.55,12.8,11.78,11.9,11.97,0.58,4.8454,8.8229,26867032,331457775.0,6041570000.0,3821677808.0,None
2014-09-11,'603167,²³º£ÂÖ¶É,11.97,12.28,11.55,11.7,11.7,0.27,2.3077,8.5519,26041818,308730757.0,5762358000.0,3645058435.2,None
2014-09-10,'603167,²³º£ÂÖ¶É,11.7,12.17,11.45,11.55,11.69,0.01,0.0855,12.1416,36973203,436789972.0,5632380000.0,3562839072.0,None
2014-09-09,'603167,²³º£ÂÖ¶É,11.69,11.72,11.21,11.4,11.52,0.17,1.4757,7.568,23045641,264193861.0,5627566000.0,3559793910.4,None
2014-09-05,'603167,²³º£ÂÖ¶É,11.52,11.79,10.88,11.0,10.84,0.68,6.2731,14.4835,44104643,499149477.0,5545728000.0,3508026163.2,None
2014-09-04,'603167,²³º£ÂÖ¶É,10.84,10.84,9.89,9.91,9.85,0.99,10.0508,14.4573,44024933,464223245.0,5218376000.0,3300955174.4,None
2014-09-03,'603167,²³º£ÂÖ¶É,9.85,10.05,9.77,9.82,9.84,0.01,0.1016,4.5745,13930210,137942374.0,4741790000.0,2999484176.0,None
2014-09-02,'603167,²³º£ÂÖ¶É,9.84,9.96,9.56,9.63,9.56,0.28,2.9289,3.6853,11222305,110111792.0,4736976000.0,2996439014.4,None
2014-09-01,'603167,²³º£ÂÖ¶É,9.56,9.63,9.31,9.41,9.36,0.2,2.1368,2.3424,7133060,67795612.0,4602184000.0,2911174489.6,None
2014-08-29,'603167,²³º£ÂÖ¶É,9.36,9.42,9.16,9.42,9.45,-0.09,-0.9524,1.9368,5897855,54994511.0,4505904000.0,2850271257.6,None
2014-08-28,'603167,²³º£ÂÖ¶É,9.45,9.52,9.28,9.29,9.28,0.17,1.8319,2.9218,8897215,83559085.0,4549230000.0,2877677712.0,None
2014-08-27,'603167,²³º£ÂÖ¶É,9.28,9.45,9.23,9.38,9.38,-0.1,-1.0661,2.7258,8300456,77357302.0,4467392000.0,2825909964.8,None
2014-08-26,'603167,²³º£ÂÖ¶É,9.38,9.94,9.36,9.91,9.96,-0.58,-5.8233,5.1962,15823401,152371847.0,4515532000.0,2856361580.8,None
2014-08-25,'603167,²³º£ÂÖ¶É,9.96,10.17,9.88,9.96,9.95,0.01,0.1005,6.4627,19680061,197256200.0,4794744000.0,3032980953.6,None
2014-08-22,'603167,²³º£ÂÖ¶É,9.95,10.05,9.49,9.54,9.55,0.4,4.1885,7.572,23058017,225566463.0,4789930000.0,3029935792.0,None
2014-08-21,'603167,²³º£ÂÖ¶É,9.55,9.75,9.35,9.64,9.62,-0.07,-0.7277,3.1883,9709012,92628865.0,4597370000.0,2908129328.0,None
2014-08-20,'603167,²³º£ÂÖ¶É,9.62,9.77,9.52,9.57,9.58,0.04,0.4175,4.255,12957056,125153722.0,4631068000.0,2929445459.2,None
2014-08-19,'603167,²³º£ÂÖ¶É,9.58,9.82,9.5,9.7,9.74,-0.16,-1.6427,5.1392,15649750,150845368.0,4611812000.0,2917264812.8,None
2014-08-18,'603167,²³º£ÂÖ¶É,9.74,9.85,9.3,9.39,9.42,0.32,3.397,8.5865,26147260,252079247.0,4688836000.0,2965987398.4,None
2014-08-15,'603167,²³º£ÂÖ¶É,9.42,9.54,9.18,9.26,9.29,0.13,1.3994,4.7477,14457441,135634964.0,4534788000.0,2868542227.2,None
2014-08-14,'603167,²³º£ÂÖ¶É,9.29,9.5,8.93,8.99,8.97,0.32,3.5674,7.0827,21567885,200542593.0,4472206000.0,2828955126.4,None
2014-08-13,'603167,²³º£ÂÖ¶É,8.97,9.07,8.92,9.04,9.06,-0.09,-0.9934,2.0344,6195040,55690005.0,4318158000.0,2731509955.2,None
2014-08-12,'603167,²³º£ÂÖ¶É,9.06,9.07,8.93,9.04,9.04,0.02,0.2212,2.2387,6817120,61245716.0,4361484000.0,2758916409.6,None
2014-08-11,'603167,²³º£ÂÖ¶É,9.04,9.07,8.96,8.97,8.94,0.1,1.1186,2.4538,7472250,67404837.0,4351856000.0,2752826086.4,None
2014-08-08,'603167,²³º£ÂÖ¶É,8.94,9.01,8.82,8.83,8.81,0.13,1.4756,2.0084,6115854,54608225.0,4303716000.0,2722374470.4,None
2014-08-07,'603167,²³º£ÂÖ¶É,8.81,9.02,8.79,8.98,8.98,-0.17,-1.8931,2.765,8419849,74942794.0,4241134000.0,2682787369.6,None
2014-08-06,'603167,²³º£ÂÖ¶É,8.98,9.06,8.91,9.05,9.08,-0.1,-1.1013,2.9935,9115618,81863288.0,4322972000.0,2734555116.8,None
2014-08-05,'603167,²³º£ÂÖ¶É,9.08,9.1,8.81,8.81,8.79,0.29,3.2992,5.6527,17213454,154665660.0,4371112000.0,2765006732.8,None
2014-08-04,'603167,²³º£ÂÖ¶É,8.79,8.8,8.67,8.7,8.7,0.09,1.0345,2.0466,6232356,54532573.0,4231506000.0,2676697046.4,None
2014-08-01,'603167,²³º£ÂÖ¶É,8.7,8.84,8.68,8.75,8.79,-0.09,-1.0239,1.8553,5649762,49457593.0,4188180000.0,2649290592.0,None
2014-07-31,'603167,²³º£ÂÖ¶É,8.79,8.81,8.64,8.69,8.7,0.09,1.0345,2.1401,6516801,56923997.0,4231506000.0,2676697046.4,None
2014-07-30,'603167,²³º£ÂÖ¶É,8.7,8.73,8.63,8.69,8.69,0.01,0.1151,1.7982,5475679,47549038.0,4188180000.0,2649290592.0,None
2014-07-29,'603167,²³º£ÂÖ¶É,8.69,8.73,8.59,8.64,8.63,0.06,0.6952,1.8502,5634010,48877326.0,4183366000.0,2646245430.4,None
2014-07-28,'603167,²³º£ÂÖ¶É,8.63,8.65,8.51,8.55,8.5,0.13,1.5294,2.0366,6201826,53278328.0,4154482000.0,2627974460.8,None
2014-07-25,'603167,²³º£ÂÖ¶É,8.5,8.51,8.4,8.41,8.4,0.1,1.1905,1.1217,3415606,28893699.0,4091900000.0,2588387360.0,None
2014-07-24,'603167,²³º£ÂÖ¶É,8.4,8.47,8.37,8.4,8.39,0.01,0.1192,0.9377,2855551,24002675.0,4043760000.0,2557935744.0,None
2014-07-23,'603167,²³º£ÂÖ¶É,8.39,8.54,8.38,8.52,8.54,-0.15,-1.7564,1.3267,4039999,34066327.0,4038946000.0,2554890582.4,None
2014-07-22,'603167,²³º£ÂÖ¶É,8.54,8.58,8.38,8.45,8.42,0.12,1.4252,0.9223,2808657,23875036.0,4111156000.0,2600568006.4,None
2014-07-21,'603167,²³º£ÂÖ¶É,8.42,8.57,8.4,8.51,8.51,-0.09,-1.0576,1.0216,3111058,26288753.0,4053388000.0,2564026067.2,None
2014-07-18,'603167,²³º£ÂÖ¶É,8.51,8.57,8.46,8.5,8.5,0.01,0.1176,0.7405,2254999,19226549.0,4096714000.0,2591432521.6,None
2014-07-17,'603167,²³º£ÂÖ¶É,8.5,8.65,8.45,8.64,8.66,-0.16,-1.8476,1.4065,4282983,36438075.0,4091900000.0,2588387360.0,None
2014-07-16,'603167,²³º£ÂÖ¶É,8.66,8.75,8.61,8.65,8.65,0.01,0.1156,1.3983,4258139,36968702.0,4168924000.0,2637109945.6,None
2014-07-15,'603167,²³º£ÂÖ¶É,8.65,8.72,8.61,8.71,8.7,-0.05,-0.5747,1.4452,4400769,38124454.0,4164110000.0,2634064784.0,None
2014-07-14,'603167,²³º£ÂÖ¶É,8.7,8.7,8.51,8.56,8.6,0.1,1.1628,1.5613,4754389,40974647.0,4188180000.0,2649290592.0,None
2014-07-11,'603167,²³º£ÂÖ¶É,8.6,8.64,8.51,8.51,8.52,0.08,0.939,1.4735,4487163,38514589.0,4140040000.0,2618838976.0,None
2014-07-10,'603167,²³º£ÂÖ¶É,8.52,8.53,8.41,8.42,8.42,0.1,1.1876,1.6193,4931124,41758917.0,4101528000.0,2594477683.2,None
2014-07-09,'603167,²³º£ÂÖ¶É,8.42,8.76,8.4,8.76,8.75,-0.33,-3.7714,3.4938,10639078,91298084.0,4053388000.0,2564026067.2,None
2014-07-08,'603167,²³º£ÂÖ¶É,8.75,8.81,8.64,8.8,8.8,-0.05,-0.5682,2.5379,7728406,67550849.0,4212250000.0,2664516400.0,None
2014-07-07,'603167,²³º£ÂÖ¶É,8.8,8.85,8.64,8.68,8.7,0.1,1.1494,3.2672,9949211,87190311.0,4236320000.0,2679742208.0,None
2014-07-04,'603167,²³º£ÂÖ¶É,8.7,9.2,8.68,9.11,9.16,-0.46,-5.0218,9.0408,27530762,242918737.0,4188180000.0,2649290592.0,None
2014-07-03,'603167,²³º£ÂÖ¶É,9.16,9.69,9.06,9.57,9.54,-0.38,-3.9832,7.7568,23620711,220201315.0,4409624000.0,2789368025.6,None
2014-07-02,'603167,²³º£ÂÖ¶É,9.54,9.87,9.21,9.66,9.52,0.02,0.2101,7.7389,23566282,225195399.0,4592556000.0,2905084166.4,None
2014-07-01,'603167,²³º£ÂÖ¶É,9.52,9.65,9.12,9.4,9.57,-0.05,-0.5225,7.238,22040890,207104827.0,4582928000.0,2898993843.2,None
2014-06-30,'603167,²³º£ÂÖ¶É,9.57,9.66,9.25,9.48,9.32,0.25,2.6824,8.0939,24647372,233182771.0,4606998000.0,2914219651.2,None
2014-06-27,'603167,²³º£ÂÖ¶É,9.32,9.47,8.67,8.85,8.73,0.59,6.7583,7.6991,23444877,211220850.0,4486648000.0,2838090611.2,None
2014-06-26,'603167,²³º£ÂÖ¶É,8.73,8.83,8.58,8.61,8.67,0.06,0.692,3.2574,9919444,86534368.0,4202622000.0,2658426076.8,None
2014-06-25,'603167,²³º£ÂÖ¶É,8.67,8.86,8.58,8.66,8.66,0.01,0.1155,1.857,5654833,49152101.0,4173738000.0,2640155107.2,None
2014-06-24,'603167,²³º£ÂÖ¶É,8.66,8.98,8.35,8.4,8.46,0.2,2.3641,3.8978,11869309,102907515.0,4168924000.0,2637109945.6,None
2014-06-23,'603167,²³º£ÂÖ¶É,8.46,8.5,8.05,8.08,8.09,0.37,4.5735,1.2283,3740475,30988873.0,4072644000.0,2576206713.6,None
2014-06-20,'603167,²³º£ÂÖ¶É,8.09,8.1,7.96,8.0,7.99,0.1,1.2516,0.666,2028214,16289241.0,3894526000.0,2463535734.4,None
2014-06-19,'603167,²³º£ÂÖ¶É,7.99,8.46,7.94,8.39,8.39,-0.4,-4.7676,1.0577,3220948,26223692.0,3846386000.0,2433084118.4,None
2014-06-18,'603167,²³º£ÂÖ¶É,8.39,8.54,8.38,8.44,8.5,-0.11,-1.2941,0.4931,1501640,12698244.0,4038946000.0,2554890582.4,None
2014-06-17,'603167,²³º£ÂÖ¶É,8.5,8.61,8.47,8.57,8.61,-0.11,-1.2776,0.6132,1867314,15932368.0,4091900000.0,2588387360.0,None
2014-06-16,'603167,²³º£ÂÖ¶É,8.61,8.61,8.5,8.53,8.53,0.08,0.9379,0.98,2984116,25580936.0,4144854000.0,2621884137.6,None
2014-06-13,'603167,²³º£ÂÖ¶É,8.53,8.55,8.42,8.42,8.42,0.11,1.3064,1.3398,4079853,34638731.0,4106342000.0,2597522844.8,None
2014-06-12,'603167,²³º£ÂÖ¶É,8.42,8.47,8.39,8.46,8.45,-0.03,-0.355,0.5669,1726423,14564804.0,4053388000.0,2564026067.2,None
2014-06-11,'603167,²³º£ÂÖ¶É,8.45,8.49,8.34,8.48,8.46,-0.01,-0.1182,0.6516,1984281,16729809.0,4067830000.0,2573161552.0,None
2014-06-10,'603167,²³º£ÂÖ¶É,8.46,8.47,8.35,8.45,8.41,0.05,0.5945,0.424,1291113,10876734.0,4072644000.0,2576206713.6,None
2014-06-09,'603167,²³º£ÂÖ¶É,8.41,8.46,8.35,8.36,8.39,0.02,0.2384,0.2446,744791,6266245.0,4048574000.0,2560980905.6,None
2014-06-06,'603167,²³º£ÂÖ¶É,8.39,8.54,8.36,8.5,8.5,-0.11,-1.2941,0.5129,1561772,13158234.0,4038946000.0,2554890582.4,None
2014-06-05,'603167,²³º£ÂÖ¶É,8.5,8.52,8.39,8.42,8.43,0.07,0.8304,0.2625,799480,6773421.0,4091900000.0,2588387360.0,None
2014-06-04,'603167,²³º£ÂÖ¶É,8.43,8.62,8.32,8.62,8.6,-0.17,-1.9767,0.7131,2171649,18334223.0,4058202000.0,2567071228.8,None
2014-06-03,'603167,²³º£ÂÖ¶É,8.6,8.68,8.57,8.57,8.57,0.03,0.3501,0.5166,1573066,13586884.0,4140040000.0,2618838976.0,None
2014-05-30,'603167,²³º£ÂÖ¶É,8.57,8.68,8.48,8.6,8.64,-0.07,-0.8102,0.6162,1876535,16052644.0,4125598000.0,2609703491.2,None
2014-05-29,'603167,²³º£ÂÖ¶É,8.64,8.88,8.63,8.66,8.65,-0.01,-0.1156,1.1235,3421087,29902299.0,4159296000.0,2631019622.4,None
2014-05-28,'603167,²³º£ÂÖ¶É,8.65,8.66,8.52,8.55,8.58,0.07,0.8159,0.6039,1839120,15780456.0,4164110000.0,2634064784.0,None
2014-05-27,'603167,²³º£ÂÖ¶É,8.58,8.77,8.56,8.71,8.71,-0.13,-1.4925,0.6272,1909830,16556752.0,4130412000.0,2612748652.8,None
2014-05-26,'603167,²³º£ÂÖ¶É,8.71,8.73,8.65,8.7,8.7,0.01,0.1149,0.5352,1629765,14165875.0,4192994000.0,2652335753.6,None
2014-05-23,'603167,²³º£ÂÖ¶É,8.7,8.75,8.61,8.7,8.67,0.03,0.346,0.4713,1435259,12458052.0,4188180000.0,2649290592.0,None
2014-05-22,'603167,²³º£ÂÖ¶É,8.67,8.74,8.6,8.63,8.69,-0.02,-0.2301,0.596,1814867,15768188.0,4173738000.0,2640155107.2,None
2014-05-21,'603167,²³º£ÂÖ¶É,8.69,8.76,8.53,8.75,8.7,-0.01,-0.1149,1.0453,3183167,27551994.0,4183366000.0,2646245430.4,None
2014-05-20,'603167,²³º£ÂÖ¶É,8.7,9.07,8.49,8.51,8.44,0.26,3.0806,1.9431,5916923,52191026.0,4188180000.0,2649290592.0,None
2014-05-19,'603167,²³º£ÂÖ¶É,8.44,8.55,8.41,8.55,8.55,-0.11,-1.2865,0.3058,931249,7887527.0,4063016000.0,2570116390.4,None
2014-05-16,'603167,²³º£ÂÖ¶É,8.55,8.76,8.45,8.6,8.6,-0.05,-0.5814,0.6003,1828003,15745286.0,4115970000.0,2603613168.0,None
2014-05-15,'603167,XD²³º£ÂÖ,8.6,8.8,8.53,8.74,8.69,-0.09,-1.0357,0.4511,1373629,11899077.0,4140040000.0,2618838976.0,None
2014-05-14,'603167,²³º£ÂÖ¶É,8.84,8.89,8.81,8.83,8.83,0.01,0.1133,0.2435,741407,6549951.0,4255576000.0,2691922854.4,None
2014-05-13,'603167,²³º£ÂÖ¶É,8.83,8.85,8.76,8.79,8.83,0.0,0.0,0.3208,976898,8607872.0,4250762000.0,2688877692.8,None
2014-05-12,'603167,²³º£ÂÖ¶É,8.83,8.85,8.66,8.7,8.62,0.21,2.4362,0.5016,1527564,13423588.0,4250762000.0,2688877692.8,None
2014-05-09,'603167,²³º£ÂÖ¶É,8.62,8.74,8.56,8.7,8.7,-0.08,-0.9195,0.4032,1227897,10600165.0,4149668000.0,2624929299.2,None
2014-05-08,'603167,²³º£ÂÖ¶É,8.7,8.87,8.61,8.69,8.69,0.01,0.1151,0.2935,893657,7839242.0,4188180000.0,2649290592.0,None
2014-05-07,'603167,²³º£ÂÖ¶É,8.69,8.88,8.67,8.85,8.89,-0.2,-2.2497,0.489,1489126,13043921.0,4183366000.0,2646245430.4,None
2014-05-06,'603167,²³º£ÂÖ¶É,8.89,9.0,8.83,9.0,8.98,-0.09,-1.0022,0.5816,1771051,15814667.0,4279646000.0,2707148662.4,None
2014-05-05,'603167,²³º£ÂÖ¶É,8.98,9.04,8.81,8.92,8.93,0.05,0.5599,0.6308,1920998,17214001.0,4322972000.0,2734555116.8,None
2014-04-30,'603167,²³º£ÂÖ¶É,8.93,8.98,8.6,8.65,8.61,0.32,3.7166,0.7507,2285909,20303620.0,4298902000.0,2719329308.8,None
2014-04-29,'603167,²³º£ÂÖ¶É,8.61,8.63,8.51,8.56,8.52,0.09,1.0563,0.3773,1148973,9849156.0,4144854000.0,2621884137.6,None
2014-04-28,'603167,²³º£ÂÖ¶É,8.52,8.83,8.5,8.79,8.79,-0.27,-3.0717,0.6535,1989919,17120825.0,4101528000.0,2594477683.2,None
2014-04-25,'603167,²³º£ÂÖ¶É,8.79,8.96,8.75,8.83,8.85,-0.06,-0.678,0.8445,2571517,22757204.0,4231506000.0,2676697046.4,None
2014-04-24,'603167,²³º£ÂÖ¶É,8.85,9.06,8.83,8.9,9.07,-0.22,-2.4256,1.0259,3123908,27897834.0,4260390000.0,2694968016.0,None
2014-04-23,'603167,²³º£ÂÖ¶É,9.07,9.25,9.02,9.19,9.23,-0.16,-1.7335,1.1197,3409547,31083657.0,4366298000.0,2761961571.2,None
2014-04-22,'603167,²³º£ÂÖ¶É,9.23,9.33,9.1,9.3,9.3,-0.07,-0.7527,1.1659,3550210,32654390.0,4443322000.0,2810684156.8,None
2014-04-21,'603167,²³º£ÂÖ¶É,9.3,9.62,9.26,9.6,9.66,-0.36,-3.7267,1.7254,5254125,49668038.0,4477020000.0,2832000288.0,None
2014-04-18,'603167,²³º£ÂÖ¶É,9.66,9.68,9.45,9.53,9.53,0.13,1.3641,1.4738,4487971,42997027.0,4650324000.0,2941626105.6,None
2014-04-17,'603167,²³º£ÂÖ¶É,9.53,9.74,9.44,9.46,9.46,0.07,0.74,2.2593,6879912,66211281.0,4587742000.0,2902039004.8,None
2014-04-16,'603167,²³º£ÂÖ¶É,9.46,9.65,9.36,9.58,9.54,-0.08,-0.8386,1.461,4448933,42189255.0,4554044000.0,2880722873.6,None
2014-04-15,'603167,²³º£ÂÖ¶É,9.54,9.67,9.33,9.35,9.37,0.17,1.8143,2.1107,6427292,61199170.0,4592556000.0,2905084166.4,None
2014-04-14,'603167,²³º£ÂÖ¶É,9.37,9.42,9.3,9.3,9.26,0.11,1.1879,1.0203,3107080,29039040.0,4510718000.0,2853316419.2,None
2014-04-11,'603167,²³º£ÂÖ¶É,9.26,9.28,9.11,9.11,9.22,0.04,0.4338,0.9256,2818592,25987506.0,4457764000.0,2819819641.6,None
2014-04-10,'603167,²³º£ÂÖ¶É,9.22,9.41,9.19,9.38,9.36,-0.14,-1.4957,1.8056,5498288,51121024.0,4438508000.0,2807638995.2,None
2014-04-09,'603167,²³º£ÂÖ¶É,9.36,9.5,9.33,9.44,9.44,-0.08,-0.8475,1.1328,3449665,32457105.0,4505904000.0,2850271257.6,None
2014-04-08,'603167,²³º£ÂÖ¶É,9.44,9.53,9.27,9.35,9.36,0.08,0.8547,1.617,4923997,46393350.0,4544416000.0,2874632550.4,None
2014-04-04,'603167,²³º£ÂÖ¶É,9.36,9.38,9.18,9.18,9.18,0.18,1.9608,1.4032,4273011,39701900.0,4505904000.0,2850271257.6,None
2014-04-03,'603167,²³º£ÂÖ¶É,9.18,9.29,9.06,9.06,9.06,0.12,1.3245,0.9754,2970256,27308493.0,4419252000.0,2795458348.8,None
2014-04-02,'603167,²³º£ÂÖ¶É,9.06,9.2,8.99,8.99,9.0,0.06,0.6667,0.687,2092008,19080957.0,4361484000.0,2758916409.6,None
2014-04-01,'603167,²³º£ÂÖ¶É,9.0,9.01,8.78,8.81,8.84,0.16,1.81,0.4625,1408245,12560057.0,4332600000.0,2740645440.0,None
2014-03-31,'603167,²³º£ÂÖ¶É,8.84,8.95,8.77,8.93,8.94,-0.1,-1.1186,0.5413,1648430,14605296.0,4255576000.0,2691922854.4,None
2014-03-28,'603167,²³º£ÂÖ¶É,8.94,9.25,8.91,9.18,9.18,-0.24,-2.6144,1.1471,3493067,31879092.0,4303716000.0,2722374470.4,None
2014-03-27,'603167,²³º£ÂÖ¶É,9.18,9.3,9.08,9.15,9.17,0.01,0.1091,1.3902,4233348,38914191.0,4419252000.0,2795458348.8,None
2014-03-26,'603167,²³º£ÂÖ¶É,9.17,9.25,9.15,9.16,9.19,-0.02,-0.2176,0.9684,2949078,27101152.0,4414438000.0,2792413187.2,None
2014-03-25,'603167,²³º£ÂÖ¶É,9.19,9.27,9.14,9.19,9.22,-0.03,-0.3254,1.1346,3455016,31842863.0,4424066000.0,2798503510.4,None
2014-03-24,'603167,²³º£ÂÖ¶É,9.22,9.36,9.0,9.05,8.99,0.23,2.5584,1.8471,5624725,51767474.0,4438508000.0,2807638995.2,None
2014-03-21,'603167,²³º£ÂÖ¶É,8.99,9.02,8.68,8.82,8.84,0.15,1.6968,0.9307,2834009,25161589.0,4327786000.0,2737600278.4,None
2014-03-20,'603167,²³º£ÂÖ¶É,8.84,9.15,8.83,9.05,9.0,-0.16,-1.7778,1.2667,3857395,34738541.0,4255576000.0,2691922854.4,None
2014-03-19,'603167,²³º£ÂÖ¶É,9.0,9.18,8.8,9.18,9.19,-0.19,-2.0675,1.3334,4060436,36263838.0,4332600000.0,2740645440.0,None
2014-03-18,'603167,²³º£ÂÖ¶É,9.19,9.25,8.9,8.91,8.94,0.25,2.7964,1.7203,5238580,47633549.0,4424066000.0,2798503510.4,None
2014-03-17,'603167,²³º£ÂÖ¶É,8.94,8.96,8.82,8.88,8.91,0.03,0.3367,1.4634,4456223,39629286.0,4303716000.0,2722374470.4,None
2014-03-14,'603167,²³º£ÂÖ¶É,8.91,9.09,8.81,8.85,8.9,0.01,0.1124,0.9332,2841887,25491592.0,4289274000.0,2713238985.6,None
2014-03-13,'603167,²³º£ÂÖ¶É,8.9,8.97,8.81,8.86,8.88,0.02,0.2252,0.6609,2012447,17866066.0,4284460000.0,2710193824.0,None
2014-03-12,'603167,²³º£ÂÖ¶É,8.88,8.95,8.63,8.75,8.82,0.06,0.6803,0.9635,2934129,25825108.0,4274832000.0,2704103500.8,None
2014-03-11,'603167,²³º£ÂÖ¶É,8.82,8.87,8.48,8.78,8.78,0.04,0.4556,1.6269,4954136,43015984.0,4245948000.0,2685832531.2,None
2014-03-10,'603167,²³º£ÂÖ¶É,8.78,9.46,8.65,9.37,9.47,-0.69,-7.2862,2.0158,6138375,55180770.0,4226692000.0,2673651884.8,None
2014-03-07,'603167,²³º£ÂÖ¶É,9.47,9.77,9.43,9.6,9.59,-0.12,-1.2513,1.2537,3817662,36476796.0,4558858000.0,2883768035.2,None
2014-03-06,'603167,²³º£ÂÖ¶É,9.59,9.75,9.48,9.62,9.7,-0.11,-1.134,1.129,3437847,32925712.0,4616626000.0,2920309974.4,None
2014-03-05,'603167,²³º£ÂÖ¶É,9.7,9.77,9.55,9.71,9.75,-0.05,-0.5128,1.788,5444628,52595276.0,4669580000.0,2953806752.0,None
2014-03-04,'603167,²³º£ÂÖ¶É,9.75,9.75,9.26,9.35,9.41,0.34,3.6132,3.2366,9856020,94547656.0,4693650000.0,2969032560.0,None
2014-03-03,'603167,²³º£ÂÖ¶É,9.41,9.55,8.88,8.92,8.94,0.47,5.2573,2.5986,7913145,73640355.0,4529974000.0,2865497065.6,None
2014-02-28,'603167,²³º£ÂÖ¶É,8.94,9.03,8.7,8.83,8.84,0.1,1.1312,1.7786,5416129,48047632.0,4303716000.0,2722374470.4,None
2014-02-27,'603167,²³º£ÂÖ¶É,8.84,9.33,8.76,9.32,9.25,-0.41,-4.4324,2.3167,7054633,64516353.0,4255576000.0,2691922854.4,None
2014-02-26,'603167,²³º£ÂÖ¶É,9.25,9.37,8.96,9.15,9.23,0.02,0.2167,2.1257,6472963,59344006.0,4452950000.0,2816774480.0,None
2014-02-25,'603167,²³º£ÂÖ¶É,9.23,9.73,9.15,9.73,9.53,-0.3,-3.148,2.5228,7682334,72553326.0,4443322000.0,2810684156.8,None
2014-02-24,'603167,²³º£ÂÖ¶É,9.53,9.6,9.18,9.44,9.47,0.06,0.6336,2.2251,6775775,63695523.0,4587742000.0,2902039004.8,None
2014-02-21,'603167,²³º£ÂÖ¶É,9.47,9.74,9.38,9.74,9.67,-0.2,-2.0683,3.2718,9963190,94638173.0,4558858000.0,2883768035.2,None
2014-02-20,'603167,²³º£ÂÖ¶É,9.67,10.25,9.55,10.01,10.21,-0.54,-5.2889,5.4991,16745667,164292017.0,4655138000.0,2944671267.2,None
2014-02-19,'603167,²³º£ÂÖ¶É,10.21,10.67,9.85,10.2,9.82,0.39,3.9715,11.3626,34600864,356809150.0,4915094000.0,3109109993.6,None
2014-02-18,'603167,²³º£ÂÖ¶É,9.82,10.03,9.7,9.9,10.0,-0.18,-1.8,5.5689,16958155,167495124.0,4727348000.0,2990348691.2,None
2014-02-17,'603167,²³º£ÂÖ¶É,10.0,10.11,9.64,9.9,10.01,-0.01,-0.0999,8.2667,25173419,247395276.0,4814000000.0,3045161600.0,None
2014-02-14,'603167,²³º£ÂÖ¶É,10.01,10.1,9.78,9.98,9.86,0.15,1.5213,3.2681,9951779,99200229.0,4818814000.0,3048206761.6,None
2014-02-13,'603167,²³º£ÂÖ¶É,9.86,10.8,9.84,10.22,10.2,-0.34,-3.3333,4.7352,14419408,148005775.0,4746604000.0,3002529337.6,None
2014-02-12,'603167,²³º£ÂÖ¶É,10.2,10.4,9.77,9.92,10.0,0.2,2.0,4.9376,15035784,151901861.0,4910280000.0,3106064832.0,None
2014-02-11,'603167,²³º£ÂÖ¶É,10.0,10.07,9.65,9.96,9.93,0.07,0.7049,5.0907,15501853,153100419.0,4814000000.0,3045161600.0,None
2014-02-10,'603167,²³º£ÂÖ¶É,9.93,10.08,9.36,9.36,9.16,0.77,8.4061,8.301,25277771,251530650.0,4780302000.0,3023845468.8,None
2014-02-07,'603167,²³º£ÂÖ¶É,9.16,9.22,8.79,8.79,8.75,0.41,4.6857,6.0914,18549201,168154822.0,4409624000.0,2789368025.6,None
2014-01-30,'603167,²³º£ÂÖ¶É,8.75,8.85,8.2,8.39,8.41,0.34,4.0428,2.6071,7939088,68631720.0,4212250000.0,2664516400.0,None
2014-01-29,'603167,²³º£ÂÖ¶É,8.41,8.6,7.79,7.9,7.85,0.56,7.1338,2.545,7750036,64206590.0,4048574000.0,2560980905.6,None
2014-01-28,'603167,²³º£ÂÖ¶É,7.85,7.96,7.64,7.65,7.68,0.17,2.2135,0.8801,2680049,20979800.0,3778990000.0,2390451856.0,None
2014-01-27,'603167,²³º£ÂÖ¶É,7.68,7.74,7.61,7.61,7.68,0.0,0.0,0.3954,1204116,9250547.0,3697152000.0,2338684108.8,None
2014-01-24,'603167,²³º£ÂÖ¶É,7.68,7.75,7.56,7.6,7.61,0.07,0.9198,0.6101,1857846,14293096.0,3697152000.0,2338684108.8,None
2014-01-23,'603167,²³º£ÂÖ¶É,7.61,7.64,7.56,7.56,7.62,-0.01,-0.1312,0.5188,1579935,12005689.0,3663454000.0,2317367977.6,None
2014-01-22,'603167,²³º£ÂÖ¶É,7.62,7.65,7.42,7.42,7.42,0.2,2.6954,0.6417,1953990,14833822.0,3668268000.0,2320413139.2,None
2014-01-21,'603167,²³º£ÂÖ¶É,7.42,7.44,7.32,7.32,7.34,0.08,1.0899,0.2922,889709,6591629.0,3571988000.0,2259509907.2,None
2014-01-20,'603167,²³º£ÂÖ¶É,7.34,7.37,7.26,7.26,7.33,0.01,0.1364,0.2901,883262,6465039.0,3533476000.0,2235148614.4,None
2014-01-17,'603167,²³º£ÂÖ¶É,7.33,7.48,7.31,7.48,7.51,-0.18,-2.3968,0.375,1141804,8418626.0,3528662000.0,2232103452.8,None
2014-01-16,'603167,²³º£ÂÖ¶É,7.51,7.51,7.4,7.46,7.46,0.05,0.6702,0.4892,1489708,11124007.0,3615314000.0,2286916361.6,None
2014-01-15,'603167,²³º£ÂÖ¶É,7.46,7.49,7.4,7.43,7.47,-0.01,-0.1339,0.3405,1036778,7719528.0,3591244000.0,2271690553.6,None
2014-01-14,'603167,²³º£ÂÖ¶É,7.47,7.49,7.35,7.37,7.36,0.11,1.4946,0.3438,1046880,7777933.0,3596058000.0,2274735715.2,None
2014-01-13,'603167,²³º£ÂÖ¶É,7.36,7.41,7.26,7.33,7.29,0.07,0.9602,0.3558,1083451,7950889.0,3543104000.0,2241238937.6,None
2014-01-10,'603167,²³º£ÂÖ¶É,7.29,7.69,7.28,7.52,7.6,-0.31,-4.0789,0.8871,2701352,19986657.0,3509406000.0,2219922806.4,None
2014-01-09,'603167,²³º£ÂÖ¶É,7.6,8.03,7.45,7.96,7.99,-0.39,-4.8811,0.7342,2235874,17484424.0,3658640000.0,2314322816.0,None
2014-01-08,'603167,²³º£ÂÖ¶É,7.99,8.13,7.95,8.02,8.06,-0.07,-0.8685,0.4512,1374038,11042688.0,3846386000.0,2433084118.4,None
2014-01-07,'603167,²³º£ÂÖ¶É,8.06,8.14,7.95,8.01,8.07,-0.01,-0.1239,0.5646,1719441,13838443.0,3880084000.0,2454400249.6,None
2014-01-06,'603167,²³º£ÂÖ¶É,8.07,8.14,8.06,8.1,8.11,-0.04,-0.4932,0.6211,1891304,15291869.0,3884898000.0,2457445411.2,None
2014-01-03,'603167,²³º£ÂÖ¶É,8.11,8.28,8.08,8.26,8.29,-0.18,-2.1713,1.0538,3209013,26110504.0,3904154000.0,2469626057.6,None
2014-01-02,'603167,²³º£ÂÖ¶É,8.29,8.35,8.22,8.35,8.35,-0.06,-0.7186,0.5416,1649265,13636038.0,3990806000.0,2524438966.4,None
2013-12-31,'603167,²³º£ÂÖ¶É,8.35,8.38,8.24,8.3,8.37,-0.02,-0.2389,0.5078,1546256,12834607.0,4019690000.0,2542709936.0,None
2013-12-30,'603167,²³º£ÂÖ¶É,8.37,8.41,8.27,8.33,8.32,0.05,0.601,0.7188,2188840,18260336.0,4029318000.0,2548800259.2,None
2013-12-27,'603167,²³º£ÂÖ¶É,8.32,8.36,8.12,8.17,8.16,0.16,1.9608,0.632,1924633,15939010.0,4005248000.0,2533574451.2,None
2013-12-26,'603167,²³º£ÂÖ¶É,8.16,8.3,8.12,8.29,8.28,-0.12,-1.4493,0.6548,1993906,16308143.0,3928224000.0,2484851865.6,None
2013-12-25,'603167,²³º£ÂÖ¶É,8.28,8.29,8.17,8.2,8.2,0.08,0.9756,0.4461,1358496,11175739.0,3985992000.0,2521393804.8,None
2013-12-24,'603167,²³º£ÂÖ¶É,8.2,8.27,8.13,8.19,8.16,0.04,0.4902,0.558,1699308,13939142.0,3947480000.0,2497032512.0,None
2013-12-23,'603167,²³º£ÂÖ¶É,8.16,8.28,8.08,8.17,8.18,-0.02,-0.2445,0.556,1693144,13820183.0,3928224000.0,2484851865.6,None
2013-12-20,'603167,²³º£ÂÖ¶É,8.18,8.35,8.06,8.3,8.31,-0.13,-1.5644,0.9945,3028398,24808686.0,3937852000.0,2490942188.8,None
2013-12-19,'603167,²³º£ÂÖ¶É,8.31,8.52,8.3,8.48,8.46,-0.15,-1.773,0.6205,1889599,15876200.0,4000434000.0,2530529289.6,None
2013-12-18,'603167,²³º£ÂÖ¶É,8.46,8.52,8.4,8.46,8.45,0.01,0.1183,0.4734,1441557,12212205.0,4072644000.0,2576206713.6,None
2013-12-17,'603167,²³º£ÂÖ¶É,8.45,8.47,8.3,8.37,8.39,0.06,0.7151,0.7692,2342451,19649535.0,4067830000.0,2573161552.0,None
2013-12-16,'603167,²³º£ÂÖ¶É,8.39,8.68,8.32,8.6,8.63,-0.24,-2.781,0.9653,2939384,24888531.0,4038946000.0,2554890582.4,None
2013-12-13,'603167,²³º£ÂÖ¶É,8.63,8.66,8.51,8.64,8.65,-0.02,-0.2312,0.6708,2042606,17574979.0,4154482000.0,2627974460.8,None
2013-12-12,'603167,²³º£ÂÖ¶É,8.65,8.69,8.58,8.64,8.65,0.0,0.0,0.7159,2179903,18824785.0,4164110000.0,2634064784.0,None
2013-12-11,'603167,²³º£ÂÖ¶É,8.65,8.92,8.55,8.88,8.92,-0.27,-3.0269,1.3381,4074593,35472526.0,4164110000.0,2634064784.0,None
2013-12-10,'603167,²³º£ÂÖ¶É,8.92,8.99,8.85,8.88,8.88,0.04,0.4505,1.2078,3677836,32803846.0,4294088000.0,2716284147.2,None
2013-12-09,'603167,²³º£ÂÖ¶É,8.88,8.93,8.7,8.77,8.73,0.15,1.7182,1.2496,3805199,33519990.0,4274832000.0,2704103500.8,None
2013-12-06,'603167,²³º£ÂÖ¶É,8.73,8.78,8.66,8.7,8.71,0.02,0.2296,0.8503,2589171,22569796.0,4202622000.0,2658426076.8,None
2013-12-05,'603167,²³º£ÂÖ¶É,8.71,8.78,8.63,8.77,8.78,-0.07,-0.7973,1.2595,3835298,33326273.0,4192994000.0,2652335753.6,None
2013-12-04,'603167,²³º£ÂÖ¶É,8.78,8.96,8.56,8.59,8.65,0.13,1.5029,2.2638,6893619,60711268.0,4226692000.0,2673651884.8,None
2013-12-03,'603167,²³º£ÂÖ¶É,8.65,8.68,8.23,8.25,8.36,0.29,3.4689,1.6182,4927615,41964957.0,4164110000.0,2634064784.0,None
2013-12-02,'603167,²³º£ÂÖ¶É,8.36,8.94,8.22,8.9,9.12,-0.76,-8.3333,3.2658,9944998,85346600.0,4024504000.0,2545755097.6,None
2013-11-29,'603167,²³º£ÂÖ¶É,9.12,9.4,9.08,9.12,9.12,0.0,0.0,3.1512,9595816,88666495.0,4390368000.0,2777187379.2,None
2013-11-28,'603167,²³º£ÂÖ¶É,9.12,9.18,8.98,9.06,9.06,0.06,0.6623,2.2782,6937380,62922448.0,4390368000.0,2777187379.2,None
2013-11-27,'603167,²³º£ÂÖ¶É,9.06,9.13,8.93,9.07,9.06,0.0,0.0,2.1848,6653221,60223376.0,4361484000.0,2758916409.6,None
2013-11-26,'603167,²³º£ÂÖ¶É,9.06,9.23,8.95,9.1,9.03,0.03,0.3322,3.813,11611286,105718864.0,4361484000.0,2758916409.6,None
2013-11-25,'603167,²³º£ÂÖ¶É,9.03,9.23,8.42,8.52,8.52,0.51,5.9859,4.1697,12697516,113703132.0,4347042000.0,2749780924.8,None
2013-11-22,'603167,²³º£ÂÖ¶É,8.52,8.93,8.49,8.71,8.65,-0.13,-1.5029,2.8001,8526758,74662876.0,4101528000.0,2594477683.2,None
2013-11-21,'603167,²³º£ÂÖ¶É,8.65,8.77,8.52,8.59,8.65,0.0,0.0,1.8957,5772813,49965532.0,4164110000.0,2634064784.0,None
2013-11-20,'603167,²³º£ÂÖ¶É,8.65,8.66,8.37,8.5,8.48,0.17,2.0047,2.2367,6811119,58160570.0,4164110000.0,2634064784.0,None
2013-11-19,'603167,²³º£ÂÖ¶É,8.48,8.73,8.46,8.56,8.54,-0.06,-0.7026,2.27,6912384,59267964.0,4082272000.0,2582297036.8,None
2013-11-18,'603167,²³º£ÂÖ¶É,8.54,8.65,8.4,8.4,8.43,0.11,1.3049,2.6353,8024807,68351846.0,4111156000.0,2600568006.4,None
2013-11-15,'603167,²³º£ÂÖ¶É,8.43,8.59,8.29,8.39,8.34,0.09,1.0791,3.2695,9956054,84002919.0,4058202000.0,2567071228.8,None
2013-11-14,'603167,²³º£ÂÖ¶É,8.34,8.39,8.1,8.11,8.22,0.12,1.4599,1.7775,5412651,44917304.0,4014876000.0,2539664774.4,None
2013-11-13,'603167,²³º£ÂÖ¶É,8.22,8.4,8.1,8.15,8.23,-0.01,-0.1215,2.0326,6189597,51236104.0,3957108000.0,2503122835.2,None
2013-11-12,'603167,²³º£ÂÖ¶É,8.23,8.25,7.85,7.89,7.89,0.34,4.3093,1.1737,3574049,28670027.0,3961922000.0,2506167996.8,None
2013-11-11,'603167,²³º£ÂÖ¶É,7.89,7.95,7.77,7.93,8.0,-0.11,-1.375,1.0139,3087631,24250755.0,3798246000.0,2402632502.4,None
2013-11-08,'603167,²³º£ÂÖ¶É,8.0,8.43,8.0,8.43,8.42,-0.42,-4.9881,2.2093,6727784,55214560.0,3851200000.0,2436129280.0,None
2013-11-07,'603167,²³º£ÂÖ¶É,8.42,8.44,8.13,8.15,8.17,0.25,3.06,2.8203,8588187,71742508.0,4053388000.0,2564026067.2,None
2013-11-06,'603167,²³º£ÂÖ¶É,8.17,8.31,8.15,8.23,8.25,-0.08,-0.9697,1.0959,3337149,27467643.0,3933038000.0,2487897027.2,None
2013-11-05,'603167,²³º£ÂÖ¶É,8.25,8.38,8.13,8.38,8.39,-0.14,-1.6687,1.6945,5160066,42458897.0,3971550000.0,2512258320.0,None
2013-11-04,'603167,²³º£ÂÖ¶É,8.39,8.44,8.25,8.3,8.26,0.13,1.5738,2.3885,7273471,60928161.0,4038946000.0,2554890582.4,None
2013-11-01,'603167,²³º£ÂÖ¶É,8.26,8.31,8.13,8.25,8.28,-0.02,-0.2415,1.1355,3457670,28418407.0,3976364000.0,2515303481.6,None
2013-10-31,'603167,²³º£ÂÖ¶É,8.28,8.3,8.13,8.27,8.24,0.04,0.4854,1.5386,4685367,38540415.0,3985992000.0,2521393804.8,None
2013-10-30,'603167,²³º£ÂÖ¶É,8.24,8.24,7.99,8.0,7.99,0.25,3.1289,2.0094,6118925,49929308.0,3966736000.0,2509213158.4,None
2013-10-29,'603167,²³º£ÂÖ¶É,7.99,8.04,7.71,7.97,7.87,0.12,1.5248,1.4266,4344240,34115553.0,3846386000.0,2433084118.4,None
2013-10-28,'603167,²³º£ÂÖ¶É,7.87,7.88,7.73,7.88,7.83,0.04,0.5109,0.6484,1974460,15388463.0,3788618000.0,2396542179.2,None
2013-10-25,'603167,²³º£ÂÖ¶É,7.83,8.07,7.83,8.01,8.01,-0.18,-2.2472,0.6712,2043780,16267333.0,3769362000.0,2384361532.8,None
2013-10-24,'603167,²³º£ÂÖ¶É,8.01,8.12,7.93,7.96,7.99,0.02,0.2503,0.6429,1957774,15716474.0,3856014000.0,2439174441.6,None
2013-10-23,'603167,²³º£ÂÖ¶É,7.99,8.3,7.94,8.21,8.23,-0.24,-2.9162,1.4207,4326295,34914768.0,3846386000.0,2433084118.4,None
2013-10-22,'603167,²³º£ÂÖ¶É,8.23,8.42,8.18,8.19,8.24,-0.01,-0.1214,1.5595,4748853,39446795.0,3961922000.0,2506167996.8,None
2013-10-21,'603167,²³º£ÂÖ¶É,8.24,8.33,8.17,8.29,8.16,0.08,0.9804,1.5638,4762097,39245972.0,3966736000.0,2509213158.4,None
2013-10-18,'603167,²³º£ÂÖ¶É,8.16,8.17,8.02,8.11,8.09,0.07,0.8653,1.3329,4059043,33002799.0,3928224000.0,2484851865.6,None
2013-10-17,'603167,²³º£ÂÖ¶É,8.09,8.17,8.01,8.08,8.08,0.01,0.1238,1.0386,3162802,25595743.0,3894526000.0,2463535734.4,None
2013-10-16,'603167,²³º£ÂÖ¶É,8.08,8.18,7.95,8.11,8.08,0.0,0.0,1.4328,4363035,35292703.0,3889712000.0,2460490572.8,None
2013-10-15,'603167,²³º£ÂÖ¶É,8.08,8.1,7.98,8.09,8.1,-0.02,-0.2469,1.0954,3335766,26824152.0,3889712000.0,2460490572.8,None
2013-10-14,'603167,²³º£ÂÖ¶É,8.1,8.13,8.03,8.11,8.11,-0.01,-0.1233,1.2495,3804849,30747906.0,3899340000.0,2466580896.0,None
2013-10-11,'603167,²³º£ÂÖ¶É,8.11,8.12,7.95,7.95,7.96,0.15,1.8844,1.4771,4498054,36134812.0,3904154000.0,2469626057.6,None
2013-10-10,'603167,²³º£ÂÖ¶É,7.96,8.12,7.91,8.08,8.06,-0.1,-1.2407,1.1985,3649766,29101941.0,3831944000.0,2423948633.6,None
2013-10-09,'603167,²³º£ÂÖ¶É,8.06,8.09,7.75,7.75,7.76,0.3,3.866,1.9852,6045311,48272851.0,3880084000.0,2454400249.6,None
2013-10-08,'603167,²³º£ÂÖ¶É,7.76,7.84,7.6,7.69,7.68,0.08,1.0417,0.7918,2411019,18726696.0,3735664000.0,2363045401.6,None
2013-09-30,'603167,²³º£ÂÖ¶É,7.68,7.82,7.65,7.66,7.65,0.03,0.3922,0.7429,2262188,17456784.0,3697152000.0,2338684108.8,None
2013-09-27,'603167,²³º£ÂÖ¶É,7.65,7.65,7.47,7.49,7.53,0.12,1.5936,0.7545,2297628,17383554.0,3682710000.0,2329548624.0,None
2013-09-26,'603167,²³º£ÂÖ¶É,7.53,7.77,7.51,7.72,7.72,-0.19,-2.4611,0.9398,2861853,21804070.0,3624942000.0,2293006684.8,None
2013-09-25,'603167,²³º£ÂÖ¶É,7.72,7.97,7.68,7.96,7.97,-0.25,-3.1368,1.6097,4901662,38220079.0,3716408000.0,2350864755.2,None
2013-09-24,'603167,²³º£ÂÖ¶É,7.97,8.08,7.9,8.06,8.06,-0.09,-1.1166,1.2171,3706181,29517966.0,3836758000.0,2426993795.2,None
2013-09-23,'603167,²³º£ÂÖ¶É,8.06,8.07,7.88,7.96,7.96,0.1,1.2563,0.9069,2761572,22108380.0,3880084000.0,2454400249.6,None
2013-09-18,'603167,²³º£ÂÖ¶É,7.96,8.04,7.9,8.02,7.97,-0.01,-0.1255,0.7288,2219246,17709748.0,3831944000.0,2423948633.6,None
2013-09-17,'603167,²³º£ÂÖ¶É,7.97,8.16,7.96,8.16,8.15,-0.18,-2.2086,0.9618,2928887,23592591.0,3836758000.0,2426993795.2,None
2013-09-16,'603167,²³º£ÂÖ¶É,8.15,8.16,7.98,8.0,7.99,0.16,2.0025,1.1774,3585519,28987489.0,3923410000.0,2481806704.0,None
2013-09-13,'603167,²³º£ÂÖ¶É,7.99,8.11,7.95,8.06,8.1,-0.11,-1.358,1.2085,3679942,29479854.0,3846386000.0,2433084118.4,None
2013-09-12,'603167,²³º£ÂÖ¶É,8.1,8.21,8.03,8.17,8.14,-0.04,-0.4914,1.5648,4765176,38620432.0,3899340000.0,2466580896.0,None
2013-09-11,'603167,²³º£ÂÖ¶É,8.14,8.58,8.08,8.33,8.3,-0.16,-1.9277,2.5181,7667933,63505241.0,3918596000.0,2478761542.4,None
2013-09-10,'603167,²³º£ÂÖ¶É,8.3,8.42,8.06,8.09,8.12,0.18,2.2167,3.2078,9768158,80809825.0,3995620000.0,2527484128.0,None
2013-09-09,'603167,²³º£ÂÖ¶É,8.12,8.22,7.86,7.91,7.9,0.22,2.7848,2.5397,7733706,62619949.0,3908968000.0,2472671219.2,None
2013-09-06,'603167,²³º£ÂÖ¶É,7.9,7.96,7.72,7.8,7.81,0.09,1.1524,5.9595,6019104,47384018.0,3803060000.0,797900000.0,None
2013-09-05,'603167,²³º£ÂÖ¶É,7.81,8.08,7.77,8.08,8.08,-0.27,-3.3416,6.8138,6881890,53962034.0,3759734000.0,788810000.0,None
2013-09-04,'603167,²³º£ÂÖ¶É,8.08,8.22,8.01,8.04,8.06,0.02,0.2481,5.6631,5719681,46378578.0,3889712000.0,816080000.0,None
2013-09-03,'603167,²³º£ÂÖ¶É,8.06,8.12,7.93,8.06,8.14,-0.08,-0.9828,5.9741,6033881,48450240.0,3880084000.0,814060000.0,None
2013-09-02,'603167,²³º£ÂÖ¶É,8.14,8.84,7.88,8.81,8.73,-0.59,-6.7583,11.8142,11932351,97858703.0,3918596000.0,822140000.0,None
2013-08-30,'603167,²³º£ÂÖ¶É,8.73,9.12,8.25,8.29,8.29,0.44,5.3076,21.5782,21793948,190322822.0,4202622000.0,881730000.0,None
2013-08-29,'603167,²³º£ÂÖ¶É,8.29,8.48,7.84,7.88,7.92,0.37,4.6717,12.8949,13023883,107566357.0,3990806000.0,837290000.0,None
2013-08-28,'603167,²³º£ÂÖ¶É,7.92,8.07,7.83,8.04,8.12,-0.2,-2.4631,8.2241,8306368,66033560.0,3812688000.0,799920000.0,None
2013-08-27,'603167,²³º£ÂÖ¶É,8.12,8.15,7.48,7.5,7.47,0.65,8.7015,11.6149,11731034,92753806.0,3908968000.0,820120000.0,None
2013-08-26,'603167,²³º£ÂÖ¶É,7.47,7.5,7.28,7.3,7.28,0.19,2.6099,2.5308,2556143,18933924.0,3596058000.0,754470000.0,None
2013-08-23,'603167,²³º£ÂÖ¶É,7.28,7.5,7.21,7.42,7.42,-0.14,-1.8868,2.8191,2847304,20870504.0,3504592000.0,735280000.0,None
2013-08-22,'603167,²³º£ÂÖ¶É,7.42,7.52,7.4,7.48,7.47,-0.05,-0.6693,1.3098,1322858,9865930.0,3571988000.0,749420000.0,None
2013-08-21,'603167,²³º£ÂÖ¶É,7.47,7.5,7.38,7.41,7.41,0.06,0.8097,1.3736,1387318,10332748.0,3596058000.0,754470000.0,None
2013-08-20,'603167,²³º£ÂÖ¶É,7.41,7.53,7.4,7.41,7.48,-0.07,-0.9358,1.6193,1635527,12187042.0,3567174000.0,748410000.0,None
2013-08-19,'603167,²³º£ÂÖ¶É,7.48,7.52,7.27,7.35,7.4,0.08,1.0811,2.0316,2051945,15228499.0,3600872000.0,755480000.0,None
2013-08-16,'603167,²³º£ÂÖ¶É,7.4,7.78,7.38,7.6,7.61,-0.21,-2.7595,2.8031,2831132,21517256.0,3562360000.0,747400000.0,None
2013-08-15,'603167,²³º£ÂÖ¶É,7.61,7.82,7.58,7.72,7.78,-0.17,-2.1851,3.276,3308717,25475684.0,3663454000.0,768610000.0,None
2013-08-14,'603167,²³º£ÂÖ¶É,7.78,8.05,7.75,7.88,7.9,-0.12,-1.519,4.5092,4554322,35987022.0,3745292000.0,785780000.0,None
2013-08-13,'603167,²³º£ÂÖ¶É,7.9,7.91,7.76,7.84,7.83,0.07,0.894,3.5321,3567435,27985905.0,3803060000.0,797900000.0,None
2013-08-12,'603167,²³º£ÂÖ¶É,7.83,7.86,7.65,7.71,7.72,0.11,1.4249,3.7175,3754695,29107057.0,3769362000.0,790830000.0,None
2013-08-09,'603167,²³º£ÂÖ¶É,7.72,7.84,7.6,7.73,7.73,-0.01,-0.1294,2.7267,2753988,21279948.0,3716408000.0,779720000.0,None
2013-08-08,'603167,²³º£ÂÖ¶É,7.73,7.89,7.68,7.78,7.85,-0.12,-1.5287,4.1835,4225303,32765607.0,3721222000.0,780730000.0,None
2013-08-07,'603167,²³º£ÂÖ¶É,7.85,8.05,7.72,7.75,7.76,0.09,1.1598,8.1805,8262350,65297161.0,3778990000.0,792850000.0,None
2013-08-06,'603167,²³º£ÂÖ¶É,7.76,7.81,7.66,7.74,7.75,0.01,0.129,3.0458,3076305,23825747.0,3735664000.0,783760000.0,None
2013-08-05,'603167,²³º£ÂÖ¶É,7.75,7.84,7.68,7.71,7.74,0.01,0.1292,3.8243,3862551,29935829.0,3730850000.0,782750000.0,None
2013-08-02,'603167,²³º£ÂÖ¶É,7.74,7.77,7.48,7.53,7.52,0.22,2.9255,4.8487,4897216,37439942.0,3726036000.0,781740000.0,None
2013-08-01,'603167,²³º£ÂÖ¶É,7.52,7.54,7.32,7.43,7.42,0.1,1.3477,3.1366,3167987,23683034.0,3620128000.0,759520000.0,None
2013-07-31,'603167,²³º£ÂÖ¶É,7.42,7.68,7.41,7.63,7.6,-0.18,-2.3684,3.7523,3789775,28421090.0,3571988000.0,749420000.0,None
2013-07-30,'603167,²³º£ÂÖ¶É,7.6,7.84,7.43,7.84,7.77,-0.17,-2.1879,3.6756,3712385,28376679.0,3658640000.0,767600000.0,None
2013-07-29,'603167,²³º£ÂÖ¶É,7.77,7.8,7.42,7.51,7.55,0.22,2.9139,6.5387,6604130,50824187.0,3740478000.0,784770000.0,None
2013-07-26,'603167,²³º£ÂÖ¶É,7.55,7.57,7.32,7.36,7.47,0.08,1.071,2.8976,2926550,21851562.0,3634570000.0,762550000.0,None
2013-07-25,'603167,²³º£ÂÖ¶É,7.47,7.55,7.34,7.37,7.37,0.1,1.3569,3.0093,3039366,22693021.0,3596058000.0,754470000.0,None
2013-07-24,'603167,²³º£ÂÖ¶É,7.37,7.56,7.34,7.51,7.58,-0.21,-2.7704,3.5205,3555696,26388168.0,3547918000.0,744370000.0,None
2013-07-23,'603167,²³º£ÂÖ¶É,7.58,7.63,7.31,7.48,7.47,0.11,1.4726,5.3763,5430104,40761620.0,3649012000.0,765580000.0,None
2013-07-22,'603167,²³º£ÂÖ¶É,7.47,7.56,7.36,7.41,7.63,-0.16,-2.097,7.0087,7078796,52576535.0,3596058000.0,754470000.0,None
2013-07-19,'603167,²³º£ÂÖ¶É,7.63,7.71,7.31,7.69,7.75,-0.12,-1.5484,7.4473,7521801,56921542.0,3673082000.0,770630000.0,None
2013-07-18,'603167,²³º£ÂÖ¶É,7.75,7.85,7.6,7.73,7.79,-0.04,-0.5135,6.4591,6523642,50519154.0,3730850000.0,782750000.0,None
2013-07-17,'603167,²³º£ÂÖ¶É,7.79,7.95,7.67,7.78,7.83,-0.04,-0.5109,7.7327,7810050,61148116.0,3750106000.0,786790000.0,None
2013-07-16,'603167,²³º£ÂÖ¶É,7.83,7.97,7.55,7.71,7.71,0.12,1.5564,7.9038,7982819,61893569.0,3769362000.0,790830000.0,None
2013-07-15,'603167,²³º£ÂÖ¶É,7.71,7.89,7.32,7.4,7.45,0.26,3.4899,8.7684,8856096,67413326.0,3711594000.0,778710000.0,None
2013-07-12,'603167,²³º£ÂÖ¶É,7.45,7.51,7.08,7.22,7.3,0.15,2.0548,8.352,8435520,61451947.0,3586430000.0,752450000.0,None
2013-07-11,'603167,²³º£ÂÖ¶É,7.3,7.43,7.03,7.05,7.09,0.21,2.9619,7.281,7353785,53265384.0,3514220000.0,737300000.0,None
2013-07-10,'603167,²³º£ÂÖ¶É,7.09,7.15,6.69,6.71,6.77,0.32,4.7267,6.3722,6435950,44762672.0,3413126000.0,716090000.0,None
2013-07-09,'603167,²³º£ÂÖ¶É,6.77,6.84,6.48,6.58,6.57,0.2,3.0441,4.0746,4115389,27507819.0,3259078000.0,683770000.0,None
2013-07-08,'603167,²³º£ÂÖ¶É,6.57,6.82,6.56,6.82,6.9,-0.33,-4.7826,2.9013,2930272,19596188.0,3162798000.0,663570000.0,None
2013-07-05,'603167,²³º£ÂÖ¶É,6.9,6.95,6.83,6.86,6.86,0.04,0.5831,2.2503,2272758,15649158.0,3321660000.0,696900000.0,None
2013-07-04,'603167,²³º£ÂÖ¶É,6.86,6.9,6.65,6.74,6.72,0.14,2.0833,1.9341,1953405,13317170.0,3302404000.0,692860000.0,None
2013-07-03,'603167,²³º£ÂÖ¶É,6.72,6.83,6.65,6.8,6.83,-0.11,-1.6105,1.4406,1455003,9769192.0,3235008000.0,678720000.0,None
2013-07-02,'603167,²³º£ÂÖ¶É,6.83,6.85,6.68,6.77,6.76,0.07,1.0355,1.3053,1318305,8899425.0,3287962000.0,689830000.0,None
2013-07-01,'603167,²³º£ÂÖ¶É,6.76,6.77,6.65,6.7,6.67,0.09,1.3493,1.0178,1028020,6901860.0,3254264000.0,682760000.0,None
2013-06-28,'603167,²³º£ÂÖ¶É,6.67,6.75,6.52,6.6,6.61,0.06,0.9077,1.0922,1103130,7321507.0,3210938000.0,673670000.0,None
2013-06-27,'603167,XD²³º£ÂÖ,6.61,6.85,6.57,6.83,6.78,-0.17,-2.5074,1.5434,1558797,10489427.0,3182054000.0,667610000.0,None
2013-06-26,'603167,²³º£ÂÖ¶É,6.95,6.97,6.69,6.8,6.76,0.19,2.8107,2.0359,2056279,13993859.0,3345730000.0,701950000.0,None
2013-06-25,'603167,²³º£ÂÖ¶É,6.76,6.84,6.4,6.68,6.71,0.05,0.7452,2.5712,2596934,17287493.0,3254264000.0,682760000.0,None
2013-06-24,'603167,²³º£ÂÖ¶É,6.71,7.17,6.66,7.17,7.18,-0.47,-6.546,2.2537,2276234,15708316.0,3230194000.0,677710000.0,None
2013-06-21,'603167,²³º£ÂÖ¶É,7.18,7.22,6.91,7.09,7.14,0.04,0.5602,1.9627,1982323,14005345.0,3456452000.0,725180000.0,None
2013-06-20,'603167,²³º£ÂÖ¶É,7.14,7.4,7.12,7.4,7.42,-0.28,-3.7736,1.5605,1576119,11470948.0,3437196000.0,721140000.0,None
2013-06-19,'603167,²³º£ÂÖ¶É,7.42,7.5,7.26,7.49,7.54,-0.12,-1.5915,1.587,1602820,11807028.0,3571988000.0,749420000.0,None
2013-06-18,'603167,²³º£ÂÖ¶É,7.54,7.58,7.45,7.54,7.5,0.04,0.5333,1.2584,1271031,9561513.0,3629756000.0,761540000.0,None
2013-06-17,'603167,²³º£ÂÖ¶É,7.5,7.57,7.4,7.47,7.53,-0.03,-0.3984,1.6849,1701787,12758836.0,3610500000.0,757500000.0,None
2013-06-14,'603167,²³º£ÂÖ¶É,7.53,7.59,7.48,7.49,7.49,0.04,0.534,1.5909,1606806,12114044.0,3624942000.0,760530000.0,None
2013-06-13,'603167,²³º£ÂÖ¶É,7.49,7.74,7.38,7.74,7.76,-0.27,-3.4794,1.6408,1657240,12420521.0,3605686000.0,756490000.0,None
2013-06-07,'603167,²³º£ÂÖ¶É,7.76,8.1,7.75,8.03,8.03,-0.27,-3.3624,1.9418,1961196,15485537.0,3735664000.0,783760000.0,None
2013-06-06,'603167,²³º£ÂÖ¶É,8.03,8.17,8.02,8.15,8.14,-0.11,-1.3514,1.6047,1620781,13119823.0,3865642000.0,811030000.0,None
2013-06-05,'603167,²³º£ÂÖ¶É,8.14,8.21,8.07,8.15,8.19,-0.05,-0.6105,2.1387,2160055,17551968.0,3918596000.0,822140000.0,None
2013-06-04,'603167,²³º£ÂÖ¶É,8.19,8.38,8.11,8.38,8.35,-0.16,-1.9162,3.5485,3583999,29431418.0,3942666000.0,827190000.0,None
2013-06-03,'603167,²³º£ÂÖ¶É,8.35,8.54,8.3,8.47,8.52,-0.17,-1.9953,3.6673,3704007,31057395.0,4019690000.0,843350000.0,None
2013-05-31,'603167,²³º£ÂÖ¶É,8.52,8.76,8.5,8.76,8.69,-0.17,-1.9563,4.9583,5007927,43021787.0,4101528000.0,860520000.0,None
2013-05-30,'603167,²³º£ÂÖ¶É,8.69,8.75,8.3,8.31,8.35,0.34,4.0719,8.0915,8172382,69704692.0,4183366000.0,877690000.0,None
2013-05-29,'603167,²³º£ÂÖ¶É,8.35,8.45,8.32,8.35,8.39,-0.04,-0.4768,4.0637,4104372,34368183.0,4019690000.0,843350000.0,None
2013-05-28,'603167,²³º£ÂÖ¶É,8.39,8.43,8.11,8.18,8.14,0.25,3.0713,7.6289,7705150,64063038.0,4038946000.0,847390000.0,None
2013-05-27,'603167,²³º£ÂÖ¶É,8.14,8.15,8.02,8.06,8.08,0.06,0.7426,3.4381,3472507,28122123.0,3918596000.0,822140000.0,None
2013-05-24,'603167,²³º£ÂÖ¶É,8.08,8.11,7.92,7.99,7.98,0.1,1.2531,3.1969,3228903,25850591.0,3889712000.0,816080000.0,None
2013-05-23,'603167,²³º£ÂÖ¶É,7.98,8.25,7.97,8.16,8.18,-0.2,-2.445,4.1204,4161621,33656717.0,3841572000.0,805980000.0,None
2013-05-22,'603167,²³º£ÂÖ¶É,8.18,8.26,8.1,8.14,8.16,0.02,0.2451,4.1732,4214907,34488564.0,3937852000.0,826180000.0,None
2013-05-21,'603167,²³º£ÂÖ¶É,8.16,8.17,8.03,8.13,8.13,0.03,0.369,3.8673,3905937,31561578.0,3928224000.0,824160000.0,None
2013-05-20,'603167,²³º£ÂÖ¶É,8.13,8.2,8.03,8.13,8.09,0.04,0.4944,3.721,3758256,30470347.0,3913782000.0,821130000.0,None
2013-05-17,'603167,²³º£ÂÖ¶É,8.09,8.1,7.89,7.95,7.95,0.14,1.761,3.9634,4003030,32056438.0,3894526000.0,817090000.0,None
2013-05-16,'603167,²³º£ÂÖ¶É,7.95,7.96,7.75,7.79,7.77,0.18,2.3166,3.7928,3830778,30285320.0,3827130000.0,802950000.0,None
2013-05-15,'603167,²³º£ÂÖ¶É,7.77,7.78,7.69,7.69,7.7,0.07,0.9091,1.7176,1734794,13418722.0,3740478000.0,784770000.0,None
2013-05-14,'603167,²³º£ÂÖ¶É,7.7,7.9,7.65,7.9,7.93,-0.23,-2.9004,2.9971,3027101,23478995.0,3706780000.0,777700000.0,None
2013-05-13,'603167,²³º£ÂÖ¶É,7.93,8.07,7.83,7.86,7.83,0.1,1.2771,4.4799,4524650,36056343.0,3817502000.0,800930000.0,None
2013-05-10,'603167,²³º£ÂÖ¶É,7.83,7.84,7.59,7.64,7.62,0.21,2.7559,4.0215,4061667,31466338.0,3769362000.0,790830000.0,None
2013-05-09,'603167,²³º£ÂÖ¶É,7.62,7.7,7.49,7.7,7.69,-0.07,-0.9103,2.5035,2528571,19180148.0,3668268000.0,769620000.0,None
2013-05-08,'603167,²³º£ÂÖ¶É,7.69,7.74,7.61,7.69,7.71,-0.02,-0.2594,1.9761,1995895,15311209.0,3701966000.0,776690000.0,None
2013-05-07,'603167,²³º£ÂÖ¶É,7.71,7.73,7.58,7.65,7.66,0.05,0.6527,2.2513,2273850,17405031.0,3711594000.0,778710000.0,None
2013-05-06,'603167,²³º£ÂÖ¶É,7.66,7.67,7.48,7.51,7.51,0.15,1.9973,2.459,2483541,18802679.0,3687524000.0,773660000.0,None
2013-05-03,'603167,²³º£ÂÖ¶É,7.51,7.54,7.33,7.38,7.36,0.15,2.038,1.9689,1988603,14886311.0,3615314000.0,758510000.0,None
2013-05-02,'603167,²³º£ÂÖ¶É,7.36,7.39,7.28,7.38,7.38,-0.02,-0.271,1.2767,1289452,9467726.0,3543104000.0,743360000.0,None
2013-04-26,'603167,²³º£ÂÖ¶É,7.38,7.45,7.34,7.4,7.35,0.03,0.4082,1.9175,1936708,14298707.0,3552732000.0,745380000.0,None
2013-04-25,'603167,²³º£ÂÖ¶É,7.35,7.62,7.35,7.62,7.6,-0.25,-3.2895,3.1799,3211699,23928113.0,3538290000.0,742350000.0,None
2013-04-24,'603167,²³º£ÂÖ¶É,7.6,7.67,7.51,7.57,7.52,0.08,1.0638,2.3339,2357217,17843721.0,3658640000.0,767600000.0,None
2013-04-23,'603167,²³º£ÂÖ¶É,7.52,7.89,7.51,7.84,7.84,-0.32,-4.0816,2.8249,2853175,21880767.0,3620128000.0,759520000.0,None
2013-04-22,'603167,²³º£ÂÖ¶É,7.84,7.94,7.81,7.91,7.97,-0.13,-1.6311,2.6696,2696291,21183433.0,3774176000.0,791840000.0,None
2013-04-19,'603167,²³º£ÂÖ¶É,7.97,8.01,7.83,7.86,7.86,0.11,1.3995,3.4852,3520065,27959974.0,3836758000.0,804970000.0,None
2013-04-18,'603167,²³º£ÂÖ¶É,7.86,7.88,7.72,7.8,7.84,0.02,0.2551,1.5798,1595567,12487944.0,3783804000.0,793860000.0,None
2013-04-17,'603167,²³º£ÂÖ¶É,7.84,7.88,7.76,7.85,7.84,0.0,0.0,1.551,1566552,12248039.0,3774176000.0,791840000.0,None
2013-04-16,'603167,²³º£ÂÖ¶É,7.84,7.86,7.62,7.66,7.72,0.12,1.5544,2.1308,2152074,16714567.0,3774176000.0,791840000.0,None
2013-04-15,'603167,²³º£ÂÖ¶É,7.72,7.74,7.6,7.64,7.64,0.08,1.0471,1.5159,1531081,11732804.0,3716408000.0,779720000.0,None
2013-04-12,'603167,²³º£ÂÖ¶É,7.64,7.72,7.61,7.69,7.7,-0.06,-0.7792,1.1855,1197351,9166240.0,3677896000.0,771640000.0,None
2013-04-11,'603167,²³º£ÂÖ¶É,7.7,7.81,7.66,7.8,7.75,-0.05,-0.6452,1.6851,1701920,13161035.0,3706780000.0,777700000.0,None
2013-04-10,'603167,²³º£ÂÖ¶É,7.75,7.81,7.61,7.81,7.8,-0.05,-0.641,2.2902,2313068,17823466.0,3730850000.0,782750000.0,None
2013-04-09,'603167,²³º£ÂÖ¶É,7.8,7.86,7.68,7.76,7.7,0.1,1.2987,2.2413,2263669,17567247.0,3754920000.0,787800000.0,None
2013-04-08,'603167,²³º£ÂÖ¶É,7.7,7.71,7.38,7.62,7.82,-0.12,-1.5345,2.4758,2500547,18829634.0,3706780000.0,777700000.0,None
2013-04-03,'603167,²³º£ÂÖ¶É,7.82,8.06,7.73,8.01,8.01,-0.19,-2.372,2.9569,2986458,23513244.0,3764548000.0,789820000.0,None
2013-04-02,'603167,²³º£ÂÖ¶É,8.01,8.2,8.0,8.12,8.11,-0.1,-1.233,2.3015,2324557,18787229.0,3856014000.0,809010000.0,None
2013-04-01,'603167,²³º£ÂÖ¶É,8.11,8.18,8.04,8.04,8.03,0.08,0.9963,1.8991,1918102,15567546.0,3904154000.0,819110000.0,None
2013-03-29,'603167,²³º£ÂÖ¶É,8.03,8.15,7.98,8.11,8.06,-0.03,-0.3722,3.6126,3648714,29425744.0,3865642000.0,811030000.0,None
2013-03-28,'603167,²³º£ÂÖ¶É,8.06,8.61,8.01,8.61,8.68,-0.62,-7.1429,5.4384,5492812,45616836.0,3880084000.0,814060000.0,None
2013-03-27,'603167,²³º£ÂÖ¶É,8.68,8.86,8.6,8.73,8.74,-0.06,-0.6865,3.9611,4000693,34931748.0,4178552000.0,876680000.0,None
2013-03-26,'603167,²³º£ÂÖ¶É,8.74,9.14,8.67,9.09,9.09,-0.35,-3.8504,5.445,5499429,48350225.0,4207436000.0,882740000.0,None
2013-03-25,'603167,²³º£ÂÖ¶É,9.09,9.25,9.02,9.18,9.17,-0.08,-0.8724,3.5299,3565153,32418409.0,4375926000.0,918090000.0,None
2013-03-22,'603167,²³º£ÂÖ¶É,9.17,9.27,9.14,9.26,9.23,-0.06,-0.6501,4.2222,4264454,39165617.0,4414438000.0,926170000.0,None
2013-03-21,'603167,²³º£ÂÖ¶É,9.23,9.47,9.14,9.17,9.15,0.08,0.8743,8.0708,8151507,75821967.0,4443322000.0,932230000.0,None
2013-03-20,'603167,²³º£ÂÖ¶É,9.15,9.2,8.98,9.08,9.1,0.05,0.5495,7.6529,7729384,70463692.0,4404810000.0,924150000.0,None
2013-03-19,'603167,²³º£ÂÖ¶É,9.1,9.11,8.72,9.01,9.01,0.09,0.9989,5.9469,6006364,53861818.0,4380740000.0,919100000.0,None
2013-03-18,'603167,²³º£ÂÖ¶É,9.01,9.08,8.8,8.92,8.95,0.06,0.6704,5.4957,5550667,49714928.0,4337414000.0,910010000.0,None
2013-03-15,'603167,²³º£ÂÖ¶É,8.95,9.17,8.72,8.75,8.67,0.28,3.2295,11.0358,11146202,100351474.0,4308530000.0,903950000.0,None
2013-03-14,'603167,²³º£ÂÖ¶É,8.67,8.75,8.61,8.67,8.67,0.0,0.0,2.3556,2379136,20629414.0,4173738000.0,875670000.0,None
2013-03-13,'603167,²³º£ÂÖ¶É,8.67,8.8,8.58,8.8,8.77,-0.1,-1.1403,3.1014,3132416,27269887.0,4173738000.0,875670000.0,None
2013-03-12,'603167,²³º£ÂÖ¶É,8.77,8.82,8.53,8.55,8.58,0.19,2.2145,7.6088,7684881,66901517.0,4221878000.0,885770000.0,None
2013-03-11,'603167,²³º£ÂÖ¶É,8.58,8.61,8.42,8.49,8.46,0.12,1.4184,2.5403,2565698,21875539.0,4130412000.0,866580000.0,None
2013-03-08,'603167,²³º£ÂÖ¶É,8.46,8.63,8.45,8.61,8.6,-0.14,-1.6279,2.4391,2463500,21003613.0,4072644000.0,854460000.0,None
2013-03-07,'603167,²³º£ÂÖ¶É,8.6,8.67,8.51,8.67,8.66,-0.06,-0.6928,3.2277,3259992,27972007.0,4140040000.0,868600000.0,None
2013-03-06,'603167,²³º£ÂÖ¶É,8.66,8.68,8.47,8.53,8.54,0.12,1.4052,3.8053,3843337,33010196.0,4168924000.0,874660000.0,None
2013-03-05,'603167,²³º£ÂÖ¶É,8.54,8.55,8.37,8.38,8.44,0.1,1.1848,3.3395,3372853,28506917.0,4111156000.0,862540000.0,None
2013-03-04,'603167,²³º£ÂÖ¶É,8.44,9.02,8.35,9.01,9.03,-0.59,-6.5338,5.8377,5896079,50986329.0,4063016000.0,852440000.0,None
2013-03-01,'603167,²³º£ÂÖ¶É,9.03,9.15,8.96,9.14,9.1,-0.07,-0.7692,4.0738,4114515,37232326.0,4347042000.0,912030000.0,None
2013-02-28,'603167,²³º£ÂÖ¶É,9.1,9.11,8.9,8.9,8.93,0.17,1.9037,4.6834,4730268,42626291.0,4380740000.0,919100000.0,None
2013-02-27,'603167,²³º£ÂÖ¶É,8.93,8.97,8.83,8.9,8.91,0.02,0.2245,2.8416,2869989,25566072.0,4298902000.0,901930000.0,None
2013-02-26,'603167,²³º£ÂÖ¶É,8.91,9.02,8.86,8.96,9.01,-0.1,-1.1099,5.2316,5283889,47178229.0,4289274000.0,899910000.0,None
2013-02-25,'603167,²³º£ÂÖ¶É,9.01,9.11,8.85,9.0,9.24,-0.23,-2.4892,7.2165,7288622,65370096.0,4337414000.0,910010000.0,None
2013-02-22,'603167,²³º£ÂÖ¶É,9.24,9.41,9.19,9.34,9.38,-0.14,-1.4925,3.6298,3666126,34066591.0,4448136000.0,933240000.0,None
2013-02-21,'603167,²³º£ÂÖ¶É,9.38,9.6,9.3,9.6,9.64,-0.26,-2.6971,4.1596,4201195,39659200.0,4515532000.0,947380000.0,None
2013-02-20,'603167,²³º£ÂÖ¶É,9.64,9.65,9.41,9.41,9.52,0.12,1.2605,2.8353,2863684,27411340.0,4640696000.0,973640000.0,None
2013-02-19,'603167,²³º£ÂÖ¶É,9.52,9.77,9.5,9.71,9.71,-0.19,-1.9567,3.5419,3577272,34383505.0,4582928000.0,961520000.0,None
2013-02-18,'603167,²³º£ÂÖ¶É,9.71,9.74,9.52,9.61,9.56,0.15,1.569,5.5254,5580620,53797233.0,4674394000.0,980710000.0,None
2013-02-08,'603167,²³º£ÂÖ¶É,9.56,9.64,9.41,9.43,9.5,0.06,0.6316,4.7076,4754723,45473274.0,4602184000.0,965560000.0,None
2013-02-07,'603167,²³º£ÂÖ¶É,9.5,9.63,9.21,9.52,9.54,-0.04,-0.4193,7.8869,7965742,74835014.0,4573300000.0,959500000.0,None
2013-02-06,'603167,²³º£ÂÖ¶É,9.54,9.97,9.47,9.93,9.9,-0.36,-3.6364,10.8236,10931842,105586214.0,4592556000.0,963540000.0,None
2013-02-05,'603167,²³º£ÂÖ¶É,9.9,9.92,9.73,9.88,9.89,0.01,0.1011,4.4178,4461937,43855180.0,4765860000.0,999900000.0,None
2013-02-04,'603167,²³º£ÂÖ¶É,9.89,10.19,9.85,10.18,10.12,-0.23,-2.2727,5.7173,5774465,57422795.0,4761046000.0,998890000.0,None
2013-02-01,'603167,²³º£ÂÖ¶É,10.12,10.34,10.06,10.21,10.21,-0.09,-0.8815,7.6609,7737499,78818957.0,4871768000.0,1022120000.0,None
2013-01-31,'603167,²³º£ÂÖ¶É,10.21,10.24,9.77,9.84,9.85,0.36,3.6548,7.9284,8007644,80531393.0,4915094000.0,1031210000.0,None
2013-01-30,'603167,²³º£ÂÖ¶É,9.85,10.12,9.72,10.1,10.06,-0.21,-2.0875,9.0613,9151907,90507295.0,4741790000.0,994850000.0,None
2013-01-29,'603167,²³º£ÂÖ¶É,10.06,10.25,10.0,10.2,10.19,-0.13,-1.2758,7.5891,7664974,77163611.0,4842884000.0,1016060000.0,None
2013-01-28,'603167,²³º£ÂÖ¶É,10.19,10.2,9.92,10.02,10.03,0.16,1.5952,8.0718,8152549,82074426.0,4905466000.0,1029190000.0,None
2013-01-25,'603167,²³º£ÂÖ¶É,10.03,10.24,9.82,9.91,9.99,0.04,0.4004,8.5928,8678689,87080011.0,4828442000.0,1013030000.0,None
2013-01-24,'603167,²³º£ÂÖ¶É,9.99,10.81,9.8,10.75,10.61,-0.62,-5.8435,18.7847,18972525,194414491.0,4809186000.0,1008990000.0,None
2013-01-23,'603167,²³º£ÂÖ¶É,10.61,10.85,10.21,10.27,10.2,0.41,4.0196,23.1289,23360205,246142236.0,5107654000.0,1071610000.0,None
2013-01-22,'603167,²³º£ÂÖ¶É,10.2,10.5,9.68,9.9,9.91,0.29,2.9263,21.072,21282722,215388024.0,4910280000.0,1030200000.0,None
2013-01-21,'603167,²³º£ÂÖ¶É,9.91,9.94,9.54,9.6,9.6,0.31,3.2292,11.1252,11236465,109806234.0,4770674000.0,1000910000.0,None
2013-01-18,'603167,²³º£ÂÖ¶É,9.6,9.61,9.3,9.37,9.37,0.23,2.4546,8.1144,8195540,77768128.0,4621440000.0,969600000.0,None
2013-01-17,'603167,²³º£ÂÖ¶É,9.37,9.88,9.32,9.7,9.81,-0.44,-4.4852,11.1585,11270113,107494101.0,4510718000.0,946370000.0,None
2013-01-16,'603167,²³º£ÂÖ¶É,9.81,10.27,9.38,9.46,9.48,0.33,3.481,20.3443,20547732,202188350.0,4722534000.0,990810000.0,None
2013-01-15,'603167,²³º£ÂÖ¶É,9.48,9.51,9.24,9.24,9.29,0.19,2.0452,11.5574,11672970,109552851.0,4563672000.0,957480000.0,None
2013-01-14,'603167,²³º£ÂÖ¶É,9.29,9.32,8.78,8.78,9.03,0.26,2.8793,11.9321,12051436,110462206.0,4472206000.0,938290000.0,None
2013-01-11,'603167,²³º£ÂÖ¶É,9.03,9.4,9.0,9.39,9.4,-0.37,-3.9362,11.6535,11770047,108023248.0,4347042000.0,912030000.0,None
2013-01-10,'603167,²³º£ÂÖ¶É,9.4,9.53,9.25,9.48,9.43,-0.03,-0.3181,10.0437,10144089,95367798.0,4525160000.0,949400000.0,None
2013-01-09,'603167,²³º£ÂÖ¶É,9.43,9.63,9.22,9.38,9.41,0.02,0.2125,12.8768,13005593,122686015.0,4539602000.0,952430000.0,None
2013-01-08,'603167,²³º£ÂÖ¶É,9.41,9.63,9.23,9.32,9.38,0.03,0.3198,18.0326,18212896,171737445.0,4529974000.0,950410000.0,None
2013-01-07,'603167,²³º£ÂÖ¶É,9.38,9.41,9.13,9.15,9.23,0.15,1.6251,12.1921,12314031,114509856.0,4515532000.0,947380000.0,None
2013-01-04,'603167,²³º£ÂÖ¶É,9.23,9.42,9.12,9.23,9.21,0.02,0.2172,14.5783,14724072,136872698.0,4443322000.0,932230000.0,None
2012-12-31,'603167,²³º£ÂÖ¶É,9.21,9.45,9.07,9.45,9.44,-0.23,-2.4364,17.3122,17485305,161155648.0,4433694000.0,930210000.0,None
2012-12-28,'603167,²³º£ÂÖ¶É,9.44,9.63,9.2,9.4,9.43,0.01,0.106,22.6031,22829150,215827864.0,4544416000.0,953440000.0,None
2012-12-27,'603167,²³º£ÂÖ¶É,9.43,9.85,9.36,9.66,9.65,-0.22,-2.2798,35.1601,35511714,340696815.0,4539602000.0,952430000.0,None
2012-12-26,'603167,²³º£ÂÖ¶É,9.65,9.65,8.94,8.97,8.77,0.88,10.0342,43.0957,43526612,404062234.0,4645510000.0,974650000.0,None
2012-12-25,'603167,²³º£ÂÖ¶É,8.77,8.77,7.92,7.92,7.97,0.8,10.0376,23.2502,23482725,199439382.0,4221878000.0,885770000.0,None
2012-12-24,'603167,²³º£ÂÖ¶É,7.97,8.06,7.89,7.95,8.03,-0.06,-0.7472,6.971,7040675,56109765.0,3836758000.0,804970000.0,None
2012-12-21,'603167,²³º£ÂÖ¶É,8.03,8.1,7.71,7.83,7.84,0.19,2.4235,13.1182,13249375,104930219.0,3865642000.0,811030000.0,None
2012-12-20,'603167,²³º£ÂÖ¶É,7.84,7.94,7.6,7.67,7.68,0.16,2.0833,10.4189,10523067,82010424.0,3774176000.0,791840000.0,None
2012-12-19,'603167,²³º£ÂÖ¶É,7.68,7.75,7.64,7.68,7.68,0.0,0.0,4.0513,4091793,31507750.0,3697152000.0,775680000.0,None
2012-12-18,'603167,²³º£ÂÖ¶É,7.68,7.84,7.63,7.77,7.8,-0.12,-1.5385,7.8973,7976316,61535401.0,3697152000.0,775680000.0,None
2012-12-17,'603167,²³º£ÂÖ¶É,7.8,7.87,7.67,7.75,7.8,0.0,0.0,9.5549,9650398,75030925.0,3754920000.0,787800000.0,None
2012-12-14,'603167,²³º£ÂÖ¶É,7.8,7.88,7.37,7.38,7.4,0.4,5.4054,13.6455,13781944,105400570.0,3754920000.0,787800000.0,None
2012-12-13,'603167,²³º£ÂÖ¶É,7.4,7.6,7.24,7.29,7.32,0.08,1.0929,7.4821,7556948,56216638.0,3562360000.0,747400000.0,None
2012-12-12,'603167,²³º£ÂÖ¶É,7.32,7.38,7.19,7.33,7.35,-0.03,-0.4082,4.7325,4779841,34816566.0,3523848000.0,739320000.0,None
2012-12-11,'603167,²³º£ÂÖ¶É,7.35,7.47,7.34,7.44,7.49,-0.14,-1.8692,5.6701,5726764,42314945.0,3538290000.0,742350000.0,None
2012-12-10,'603167,²³º£ÂÖ¶É,7.49,7.55,7.3,7.39,7.37,0.12,1.6282,7.8403,7918698,58706126.0,3605686000.0,756490000.0,None
2012-12-07,'603167,²³º£ÂÖ¶É,7.37,7.38,7.17,7.17,7.18,0.19,2.6462,6.6182,6684407,48695450.0,3547918000.0,744370000.0,None
2012-12-06,'603167,²³º£ÂÖ¶É,7.18,7.26,7.13,7.15,7.16,0.02,0.2793,4.9371,4986481,35880726.0,3456452000.0,725180000.0,None
2012-12-05,'603167,²³º£ÂÖ¶É,7.16,7.24,6.84,6.87,6.92,0.24,3.4682,6.1509,6212425,44260195.0,3446824000.0,723160000.0,None
2012-12-04,'603167,²³º£ÂÖ¶É,6.92,6.94,6.67,6.81,6.81,0.11,1.6153,3.2389,3271319,22207106.0,3331288000.0,698920000.0,None
2012-12-03,'603167,²³º£ÂÖ¶É,6.81,7.08,6.79,7.0,7.01,-0.2,-2.8531,2.429,2453266,17141854.0,3278334000.0,687810000.0,None
2012-11-30,'603167,²³º£ÂÖ¶É,7.01,7.08,6.91,7.01,6.96,0.05,0.7184,2.5067,2531724,17738194.0,3374614000.0,708010000.0,None
2012-11-29,'603167,²³º£ÂÖ¶É,6.96,7.2,6.95,7.19,7.12,-0.16,-2.2472,3.0017,3031717,21499916.0,3350544000.0,702960000.0,None
2012-11-28,'603167,²³º£ÂÖ¶É,7.12,7.28,7.1,7.2,7.22,-0.1,-1.385,2.8993,2928305,21025091.0,3427568000.0,719120000.0,None
2012-11-27,'603167,²³º£ÂÖ¶É,7.22,7.7,7.2,7.65,7.71,-0.49,-6.3554,5.2882,5341032,39481768.0,3475708000.0,729220000.0,None
2012-11-26,'603167,²³º£ÂÖ¶É,7.71,7.95,7.7,7.9,7.93,-0.22,-2.7743,3.5732,3608898,28112426.0,3711594000.0,778710000.0,None
2012-11-23,'603167,²³º£ÂÖ¶É,7.93,8.03,7.88,7.96,7.97,-0.04,-0.5019,3.8687,3907340,31064098.0,3817502000.0,800930000.0,None
2012-11-22,'603167,²³º£ÂÖ¶É,7.97,8.07,7.81,7.89,7.99,-0.02,-0.2503,5.7339,5791282,46016139.0,3836758000.0,804970000.0,None
2012-11-21,'603167,²³º£ÂÖ¶É,7.99,8.14,7.81,7.81,7.73,0.26,3.3635,9.3283,9421533,75196374.0,3846386000.0,806990000.0,None
2012-11-20,'603167,²³º£ÂÖ¶É,7.73,7.86,7.7,7.83,7.8,-0.07,-0.8974,2.467,2491639,19340077.0,3721222000.0,780730000.0,None
2012-11-19,'603167,²³º£ÂÖ¶É,7.8,7.85,7.63,7.65,7.71,0.09,1.1673,2.7654,2793056,21577327.0,3754920000.0,787800000.0,None
2012-11-16,'603167,²³º£ÂÖ¶É,7.71,7.84,7.62,7.66,7.62,0.09,1.1811,3.893,3931961,30421738.0,3711594000.0,778710000.0,None
2012-11-15,'603167,²³º£ÂÖ¶É,7.62,7.88,7.61,7.83,7.9,-0.28,-3.5443,4.4627,4507302,34882016.0,3668268000.0,769620000.0,None
2012-11-14,'603167,²³º£ÂÖ¶É,7.9,7.97,7.65,7.67,7.71,0.19,2.4643,5.7639,5821576,45811450.0,3803060000.0,797900000.0,None
2012-11-13,'603167,²³º£ÂÖ¶É,7.71,7.87,7.67,7.84,7.87,-0.16,-2.033,3.4973,3532253,27316290.0,3711594000.0,778710000.0,None
2012-11-12,'603167,²³º£ÂÖ¶É,7.87,7.9,7.76,7.8,7.85,0.02,0.2548,3.3929,3426858,26843101.0,3788618000.0,794870000.0,None
2012-11-09,'603167,²³º£ÂÖ¶É,7.85,8.04,7.82,8.04,8.05,-0.2,-2.4845,4.4431,4487488,35441979.0,3778990000.0,792850000.0,None
2012-11-08,'603167,²³º£ÂÖ¶É,8.05,8.21,8.04,8.2,8.28,-0.23,-2.7778,3.5964,3632313,29515574.0,3875270000.0,813050000.0,None
2012-11-07,'603167,²³º£ÂÖ¶É,8.28,8.4,8.15,8.18,8.19,0.09,1.0989,3.9951,4035035,33438373.0,3985992000.0,836280000.0,None
2012-11-06,'603167,²³º£ÂÖ¶É,8.19,8.37,8.07,8.35,8.34,-0.15,-1.7986,3.7682,3805924,31104956.0,3942666000.0,827190000.0,None
2012-11-05,'603167,²³º£ÂÖ¶É,8.34,8.39,8.32,8.35,8.35,-0.01,-0.1198,2.5402,2565560,21432019.0,4014876000.0,842340000.0,None
2012-11-02,'603167,²³º£ÂÖ¶É,8.35,8.4,8.29,8.3,8.31,0.04,0.4813,3.4195,3453732,28807369.0,4019690000.0,843350000.0,None
2012-11-01,'603167,²³º£ÂÖ¶É,8.31,8.35,8.16,8.19,8.19,0.12,1.4652,4.8792,4927967,40865494.0,4000434000.0,839310000.0,None
2012-10-31,'603167,²³º£ÂÖ¶É,8.19,8.25,8.12,8.24,8.24,-0.05,-0.6068,3.1143,3145421,25723622.0,3942666000.0,827190000.0,None
2012-10-30,'603167,²³º£ÂÖ¶É,8.24,8.31,8.16,8.17,8.2,0.04,0.4878,3.0354,3065748,25236513.0,3966736000.0,832240000.0,None
2012-10-29,'603167,²³º£ÂÖ¶É,8.2,8.25,8.14,8.19,8.19,0.01,0.1221,2.2264,2248667,18442898.0,3947480000.0,828200000.0,None
2012-10-26,'603167,²³º£ÂÖ¶É,8.19,8.55,8.14,8.53,8.53,-0.34,-3.9859,5.5755,5631276,46773137.0,3942666000.0,827190000.0,None
2012-10-25,'603167,²³º£ÂÖ¶É,8.53,8.74,8.52,8.68,8.64,-0.11,-1.2731,3.3893,3423169,29564278.0,4106342000.0,861530000.0,None
2012-10-24,'603167,²³º£ÂÖ¶É,8.64,8.75,8.61,8.66,8.73,-0.09,-1.0309,3.3657,3399373,29513094.0,4159296000.0,872640000.0,None
2012-10-23,'603167,²³º£ÂÖ¶É,8.73,8.85,8.7,8.8,8.8,-0.07,-0.7955,3.842,3880417,34034442.0,4202622000.0,881730000.0,None
2012-10-22,'603167,²³º£ÂÖ¶É,8.8,8.85,8.68,8.79,8.85,-0.05,-0.565,3.5201,3555304,31145972.0,4236320000.0,888800000.0,None
2012-10-19,'603167,²³º£ÂÖ¶É,8.85,8.96,8.83,8.88,8.92,-0.07,-0.7848,4.3431,4386504,38970548.0,4260390000.0,893850000.0,None
2012-10-18,'603167,²³º£ÂÖ¶É,8.92,8.95,8.7,8.72,8.72,0.2,2.2936,6.7227,6789921,60025680.0,4294088000.0,900920000.0,None
2012-10-17,'603167,²³º£ÂÖ¶É,8.72,8.82,8.65,8.79,8.76,-0.04,-0.4566,3.9037,3942718,34439710.0,4197808000.0,880720000.0,None
2012-10-16,'603167,²³º£ÂÖ¶É,8.76,8.9,8.74,8.8,8.84,-0.08,-0.905,5.1119,5163067,45485536.0,4217064000.0,884760000.0,None
2012-10-15,'603167,²³º£ÂÖ¶É,8.84,8.93,8.74,8.93,8.89,-0.05,-0.5624,3.0607,3091317,27227320.0,4255576000.0,892840000.0,None
2012-10-12,'603167,²³º£ÂÖ¶É,8.89,8.97,8.71,8.87,8.85,0.04,0.452,5.8665,5925143,52562056.0,4279646000.0,897890000.0,None
2012-10-11,'603167,²³º£ÂÖ¶É,8.85,9.16,8.82,9.16,9.22,-0.37,-4.013,8.7471,8834590,79371003.0,4260390000.0,893850000.0,None
2012-10-10,'603167,²³º£ÂÖ¶É,9.22,9.24,9.0,9.13,9.23,-0.01,-0.1083,9.0924,9183283,83818914.0,4438508000.0,931220000.0,None
2012-10-09,'603167,²³º£ÂÖ¶É,9.23,9.5,8.78,8.81,8.7,0.53,6.092,15.9182,16077347,147253658.0,4443322000.0,932230000.0,None
2012-10-08,'603167,²³º£ÂÖ¶É,8.7,8.95,8.66,8.75,8.75,-0.05,-0.5714,6.0308,6091134,53491609.0,4188180000.0,878700000.0,None
2012-09-28,'603167,²³º£ÂÖ¶É,8.75,8.76,8.56,8.65,8.66,0.09,1.0393,8.0649,8145547,70748670.0,4212250000.0,883750000.0,None
2012-09-27,'603167,²³º£ÂÖ¶É,8.66,8.78,8.38,8.4,8.47,0.19,2.2432,9.8548,9953362,85713685.0,4168924000.0,874660000.0,None
2012-09-26,'603167,²³º£ÂÖ¶É,8.47,8.96,8.42,8.88,8.92,-0.45,-5.0448,9.6895,9786358,84227094.0,4077458000.0,855470000.0,None
2012-09-25,'603167,²³º£ÂÖ¶É,8.92,9.27,8.8,9.15,9.19,-0.27,-2.938,7.1919,7263839,65994074.0,4294088000.0,900920000.0,None
2012-09-24,'603167,²³º£ÂÖ¶É,9.19,9.24,9.02,9.07,9.19,0.0,0.0,6.3091,6372222,58261346.0,4424066000.0,928190000.0,None
2012-09-21,'603167,²³º£ÂÖ¶É,9.19,9.49,9.16,9.4,9.4,-0.21,-2.234,9.2579,9350500,87112811.0,4424066000.0,928190000.0,None
2012-09-20,'603167,²³º£ÂÖ¶É,9.4,9.99,9.38,9.99,10.01,-0.61,-6.0939,11.268,11380720,110126503.0,4525160000.0,949400000.0,None
2012-09-19,'603167,²³º£ÂÖ¶É,10.01,10.07,9.84,10.0,9.99,0.02,0.2002,7.1953,7267284,72425136.0,4818814000.0,1011010000.0,None
2012-09-18,'603167,²³º£ÂÖ¶É,9.99,10.12,9.82,9.91,10.02,-0.03,-0.2994,9.9203,10019463,99867059.0,4809186000.0,1008990000.0,None
2012-09-17,'603167,²³º£ÂÖ¶É,10.02,10.92,9.91,10.92,11.01,-0.99,-8.9918,22.0644,22285039,230581289.0,4823628000.0,1012020000.0,None
2012-09-14,'603167,²³º£ÂÖ¶É,11.01,11.37,10.94,11.32,11.25,-0.24,-2.1333,17.4565,17631097,196478813.0,5300214000.0,1112010000.0,None
2012-09-13,'603167,²³º£ÂÖ¶É,11.25,11.54,11.18,11.3,11.35,-0.1,-0.8811,15.4413,15595738,176867767.0,5415750000.0,1136250000.0,None
2012-09-12,'603167,²³º£ÂÖ¶É,11.35,11.84,11.2,11.78,11.61,-0.26,-2.2394,21.6671,21883797,249974859.0,5463890000.0,1146350000.0,None
2012-09-11,'603167,²³º£ÂÖ¶É,11.61,12.28,11.5,11.8,11.97,-0.36,-3.0075,31.9707,32290406,382255554.0,5589054000.0,1172610000.0,None
2012-09-10,'603167,²³º£ÂÖ¶É,11.97,12.08,11.38,11.5,11.75,0.22,1.8723,41.7063,42123410,492240395.0,5762358000.0,1208970000.0,None
2012-09-07,'603167,²³º£ÂÖ¶É,11.75,12.4,11.16,11.65,11.76,-0.01,-0.085,55.4943,56049285,657175837.0,5656450000.0,1186750000.0,None
2012-09-06,'603167,N²³º£,11.76,12.08,10.92,11.27,11.0,0.76,6.9091,70.2708,70973493,815833807.0,5661264000.0,1187760000.0,None
