日期,股票代码,名称,收盘价,最高价,最低价,开盘价,前收盘,涨跌额,涨跌幅,换手率,成交量,成交金额,总市值,流通市值,成交笔数
2017-12-29,'601339,百隆东方,5.26,5.3,5.24,5.26,5.2,0.06,1.1538,0.1629,2442800,12859219.0,7890000000.0,7890000000.0,None
2017-12-28,'601339,百隆东方,5.2,5.21,5.16,5.18,5.18,0.02,0.3861,0.0723,1084700,5633717.0,7800000000.0,7800000000.0,None
2017-12-27,'601339,百隆东方,5.18,5.21,5.17,5.18,5.21,-0.03,-0.5758,0.0793,1190000,6174163.0,7770000000.0,7770000000.0,None
2017-12-26,'601339,百隆东方,5.21,5.22,5.16,5.22,5.22,-0.01,-0.1916,0.1255,1881860,9767408.0,7815000000.0,7815000000.0,None
2017-12-25,'601339,百隆东方,5.22,5.26,5.2,5.25,5.25,-0.03,-0.5714,0.1197,1794839,9376965.0,7830000000.0,7830000000.0,None
2017-12-22,'601339,百隆东方,5.25,5.26,5.23,5.23,5.23,0.02,0.3824,0.087,1304900,6846323.0,7875000000.0,7875000000.0,None
2017-12-21,'601339,百隆东方,5.23,5.26,5.2,5.22,5.23,0.0,0.0,0.1553,2329200,12198100.0,7845000000.0,7845000000.0,None
2017-12-20,'601339,百隆东方,5.23,5.26,5.21,5.25,5.26,-0.03,-0.5703,0.1148,1722000,9012598.0,7845000000.0,7845000000.0,None
2017-12-19,'601339,百隆东方,5.26,5.26,5.22,5.23,5.23,0.03,0.5736,0.0792,1187478,6229167.0,7890000000.0,7890000000.0,None
2017-12-18,'601339,百隆东方,5.23,5.27,5.22,5.24,5.25,-0.02,-0.381,0.0861,1291102,6763325.0,7845000000.0,7845000000.0,None
2017-12-15,'601339,百隆东方,5.25,5.27,5.24,5.26,5.27,-0.02,-0.3795,0.0819,1229200,6448483.0,7875000000.0,7875000000.0,None
2017-12-14,'601339,百隆东方,5.27,5.27,5.24,5.26,5.27,0.0,0.0,0.0828,1241352,6524081.0,7905000000.0,7905000000.0,None
2017-12-13,'601339,百隆东方,5.27,5.28,5.22,5.24,5.24,0.03,0.5725,0.0935,1403000,7378137.0,7905000000.0,7905000000.0,None
2017-12-12,'601339,百隆东方,5.24,5.29,5.23,5.24,5.26,-0.02,-0.3802,0.132,1980431,10424138.0,7860000000.0,7860000000.0,None
2017-12-11,'601339,百隆东方,5.26,5.28,5.22,5.26,5.24,0.02,0.3817,0.1875,2812473,14769170.0,7890000000.0,7890000000.0,None
2017-12-08,'601339,百隆东方,5.24,5.27,5.22,5.23,5.22,0.02,0.3831,0.1063,1593852,8354942.0,7860000000.0,7860000000.0,None
2017-12-07,'601339,百隆东方,5.22,5.25,5.21,5.24,5.25,-0.03,-0.5714,0.0705,1056953,5526428.0,7830000000.0,7830000000.0,None
2017-12-06,'601339,百隆东方,5.25,5.27,5.2,5.21,5.22,0.03,0.5747,0.1804,2706278,14146108.0,7875000000.0,7875000000.0,None
2017-12-05,'601339,百隆东方,5.22,5.32,5.21,5.3,5.32,-0.1,-1.8797,0.1318,1977500,10386719.0,7830000000.0,7830000000.0,None
2017-12-04,'601339,百隆东方,5.32,5.36,5.3,5.32,5.34,-0.02,-0.3745,0.1226,1839078,9796018.0,7980000000.0,7980000000.0,None
2017-12-01,'601339,百隆东方,5.34,5.37,5.32,5.35,5.35,-0.01,-0.1869,0.0827,1240159,6632520.0,8010000000.0,8010000000.0,None
2017-11-30,'601339,百隆东方,5.35,5.42,5.33,5.4,5.41,-0.06,-1.1091,0.1248,1872279,10040491.0,8025000000.0,8025000000.0,None
2017-11-29,'601339,百隆东方,5.41,5.42,5.34,5.37,5.36,0.05,0.9328,0.1805,2706831,14572563.0,8115000000.0,8115000000.0,None
2017-11-28,'601339,百隆东方,5.36,5.38,5.28,5.3,5.29,0.07,1.3233,0.1678,2517609,13456302.0,8040000000.0,8040000000.0,None
2017-11-27,'601339,百隆东方,5.29,5.34,5.26,5.29,5.28,0.01,0.1894,0.1154,1730500,9190942.0,7935000000.0,7935000000.0,None
2017-11-24,'601339,百隆东方,5.28,5.29,5.23,5.25,5.25,0.03,0.5714,0.0836,1254454,6606012.0,7920000000.0,7920000000.0,None
2017-11-23,'601339,百隆东方,5.25,5.33,5.23,5.29,5.32,-0.07,-1.3158,0.1401,2102202,11094710.0,7875000000.0,7875000000.0,None
2017-11-22,'601339,百隆东方,5.32,5.32,5.26,5.26,5.28,0.04,0.7576,0.1415,2123037,11231163.0,7980000000.0,7980000000.0,None
2017-11-21,'601339,百隆东方,5.28,5.33,5.25,5.27,5.27,0.01,0.1898,0.1903,2853780,15100919.0,7920000000.0,7920000000.0,None
2017-11-20,'601339,百隆东方,5.27,5.28,5.2,5.26,5.28,-0.01,-0.1894,0.1768,2651296,13865472.0,7905000000.0,7905000000.0,None
2017-11-17,'601339,百隆东方,5.28,5.37,5.26,5.37,5.36,-0.08,-1.4925,0.2338,3507212,18609544.0,7920000000.0,7920000000.0,None
2017-11-16,'601339,百隆东方,5.36,5.39,5.34,5.35,5.35,0.01,0.1869,0.1346,2018500,10829685.0,8040000000.0,8040000000.0,None
2017-11-15,'601339,百隆东方,5.35,5.4,5.33,5.39,5.38,-0.03,-0.5576,0.1828,2741600,14695150.0,8025000000.0,8025000000.0,None
2017-11-14,'601339,百隆东方,5.38,5.42,5.37,5.39,5.39,-0.01,-0.1855,0.1871,2807138,15139517.0,8070000000.0,8070000000.0,None
2017-11-13,'601339,百隆东方,5.39,5.43,5.38,5.43,5.43,-0.04,-0.7366,0.2234,3350874,18064969.0,8085000000.0,8085000000.0,None
2017-11-10,'601339,百隆东方,5.43,5.47,5.41,5.45,5.45,-0.02,-0.367,0.1846,2769691,15035948.0,8145000000.0,8145000000.0,None
2017-11-09,'601339,百隆东方,5.45,5.46,5.4,5.43,5.42,0.03,0.5535,0.1507,2260217,12252935.0,8175000000.0,8175000000.0,None
2017-11-08,'601339,百隆东方,5.42,5.45,5.38,5.4,5.41,0.01,0.1848,0.1817,2725274,14776442.0,8130000000.0,8130000000.0,None
2017-11-07,'601339,百隆东方,5.41,5.41,5.38,5.4,5.41,0.0,0.0,0.1788,2681684,14458785.0,8115000000.0,8115000000.0,None
2017-11-06,'601339,百隆东方,5.41,5.42,5.37,5.39,5.39,0.02,0.3711,0.1397,2095943,11308556.0,8115000000.0,8115000000.0,None
2017-11-03,'601339,百隆东方,5.39,5.48,5.37,5.48,5.47,-0.08,-1.4625,0.2249,3373415,18248781.0,8085000000.0,8085000000.0,None
2017-11-02,'601339,百隆东方,5.47,5.52,5.42,5.52,5.52,-0.05,-0.9058,0.3612,5417531,29582049.0,8205000000.0,8205000000.0,None
2017-11-01,'601339,百隆东方,5.52,5.58,5.51,5.57,5.58,-0.06,-1.0753,0.2283,3424314,18957294.0,8280000000.0,8280000000.0,None
2017-10-31,'601339,百隆东方,5.58,5.58,5.51,5.55,5.55,0.03,0.5405,0.1801,2700902,14975383.0,8370000000.0,8370000000.0,None
2017-10-30,'601339,百隆东方,5.55,5.68,5.52,5.67,5.68,-0.13,-2.2887,0.2895,4342200,24226362.0,8325000000.0,8325000000.0,None
2017-10-27,'601339,百隆东方,5.68,5.76,5.67,5.74,5.77,-0.09,-1.5598,0.3004,4505325,25725288.0,8520000000.0,8520000000.0,None
2017-10-26,'601339,百隆东方,5.77,5.78,5.73,5.73,5.75,0.02,0.3478,0.1377,2066100,11888035.0,8655000000.0,8655000000.0,None
2017-10-25,'601339,百隆东方,5.75,5.77,5.73,5.76,5.77,-0.02,-0.3466,0.1603,2404800,13818046.0,8625000000.0,8625000000.0,None
2017-10-24,'601339,百隆东方,5.77,5.77,5.71,5.75,5.76,0.01,0.1736,0.1385,2077000,11915060.0,8655000000.0,8655000000.0,None
2017-10-23,'601339,百隆东方,5.76,5.77,5.75,5.76,5.77,-0.01,-0.1733,0.13,1949599,11219475.0,8640000000.0,8640000000.0,None
2017-10-20,'601339,百隆东方,5.77,5.77,5.74,5.76,5.75,0.02,0.3478,0.0986,1479163,8515939.0,8655000000.0,8655000000.0,None
2017-10-19,'601339,百隆东方,5.75,5.77,5.73,5.76,5.76,-0.01,-0.1736,0.1516,2274404,13077881.0,8625000000.0,8625000000.0,None
2017-10-18,'601339,百隆东方,5.76,5.83,5.74,5.83,5.8,-0.04,-0.6897,0.2546,3818900,22055442.0,8640000000.0,8640000000.0,None
2017-10-17,'601339,百隆东方,5.8,5.84,5.79,5.83,5.83,-0.03,-0.5146,0.1456,2184285,12697358.0,8700000000.0,8700000000.0,None
2017-10-16,'601339,百隆东方,5.83,5.91,5.8,5.91,5.89,-0.06,-1.0187,0.2472,3708021,21659917.0,8745000000.0,8745000000.0,None
2017-10-13,'601339,百隆东方,5.89,5.9,5.83,5.85,5.85,0.04,0.6838,0.2362,3542512,20788188.0,8835000000.0,8835000000.0,None
2017-10-12,'601339,百隆东方,5.85,5.85,5.79,5.85,5.85,0.0,0.0,0.2481,3720768,21691886.0,8775000000.0,8775000000.0,None
2017-10-11,'601339,百隆东方,5.85,5.86,5.81,5.83,5.84,0.01,0.1712,0.3684,5526602,32236452.0,8775000000.0,8775000000.0,None
2017-10-10,'601339,百隆东方,5.84,5.84,5.77,5.78,5.78,0.06,1.0381,0.2289,3434200,19942246.0,8760000000.0,8760000000.0,None
2017-10-09,'601339,百隆东方,5.78,5.83,5.77,5.83,5.76,0.02,0.3472,0.2326,3488950,20225042.0,8670000000.0,8670000000.0,None
2017-09-29,'601339,百隆东方,5.76,5.79,5.71,5.71,5.71,0.05,0.8757,0.1426,2138700,12308367.0,8640000000.0,8640000000.0,None
2017-09-28,'601339,百隆东方,5.71,5.75,5.7,5.73,5.73,-0.02,-0.349,0.1824,2735653,15675291.0,8565000000.0,8565000000.0,None
2017-09-27,'601339,百隆东方,5.73,5.76,5.72,5.75,5.75,-0.02,-0.3478,0.1351,2026600,11606792.0,8595000000.0,8595000000.0,None
2017-09-26,'601339,百隆东方,5.75,5.75,5.71,5.71,5.73,0.02,0.349,0.1324,1985623,11381179.0,8625000000.0,8625000000.0,None
2017-09-25,'601339,百隆东方,5.73,5.79,5.71,5.78,5.78,-0.05,-0.8651,0.1844,2766103,15907027.0,8595000000.0,8595000000.0,None
2017-09-22,'601339,百隆东方,5.78,5.81,5.75,5.81,5.81,-0.03,-0.5164,0.1846,2768721,15999774.0,8670000000.0,8670000000.0,None
2017-09-21,'601339,百隆东方,5.81,5.84,5.8,5.83,5.82,-0.01,-0.1718,0.169,2535367,14745733.0,8715000000.0,8715000000.0,None
2017-09-20,'601339,百隆东方,5.82,5.84,5.8,5.83,5.82,0.0,0.0,0.1768,2651434,15433632.0,8730000000.0,8730000000.0,None
2017-09-19,'601339,百隆东方,5.82,5.87,5.81,5.86,5.86,-0.04,-0.6826,0.1876,2813500,16435080.0,8730000000.0,8730000000.0,None
2017-09-18,'601339,百隆东方,5.86,5.87,5.8,5.81,5.81,0.05,0.8606,0.2401,3601960,20987916.0,8790000000.0,8790000000.0,None
2017-09-15,'601339,XD百隆东,5.81,5.86,5.8,5.85,5.85,-0.04,-0.6838,0.2863,4295010,24977054.0,8715000000.0,8715000000.0,None
2017-09-14,'601339,百隆东方,5.98,6.0,5.96,5.98,5.95,0.03,0.5042,0.3178,4767368,28495659.0,8970000000.0,8970000000.0,None
2017-09-13,'601339,百隆东方,5.95,5.98,5.93,5.97,5.97,-0.02,-0.335,0.3197,4795990,28541735.0,8925000000.0,8925000000.0,None
2017-09-12,'601339,百隆东方,5.97,5.99,5.95,5.96,5.94,0.03,0.5051,0.4095,6142007,36668140.0,8955000000.0,8955000000.0,None
2017-09-11,'601339,百隆东方,5.94,5.95,5.91,5.92,5.92,0.02,0.3378,0.2377,3565089,21146961.0,8910000000.0,8910000000.0,None
2017-09-08,'601339,百隆东方,5.92,5.94,5.91,5.92,5.92,0.0,0.0,0.2508,3762655,22285715.0,8880000000.0,8880000000.0,None
2017-09-07,'601339,百隆东方,5.92,5.94,5.91,5.94,5.94,-0.02,-0.3367,0.2579,3868511,22907723.0,8880000000.0,8880000000.0,None
2017-09-06,'601339,百隆东方,5.94,5.94,5.91,5.93,5.94,0.0,0.0,0.1774,2660579,15761369.0,8910000000.0,8910000000.0,None
2017-09-05,'601339,百隆东方,5.94,5.95,5.92,5.94,5.94,0.0,0.0,0.2229,3344124,19844665.0,8910000000.0,8910000000.0,None
2017-09-04,'601339,百隆东方,5.94,5.94,5.89,5.91,5.93,0.01,0.1686,0.287,4305430,25473719.0,8910000000.0,8910000000.0,None
2017-09-01,'601339,百隆东方,5.93,5.96,5.9,5.95,5.95,-0.02,-0.3361,0.3625,5437017,32187551.0,8895000000.0,8895000000.0,None
2017-08-31,'601339,百隆东方,5.95,5.95,5.91,5.94,5.93,0.02,0.3373,0.2068,3101662,18403043.0,8925000000.0,8925000000.0,None
2017-08-30,'601339,百隆东方,5.93,5.94,5.91,5.94,5.94,-0.01,-0.1684,0.2251,3375989,20010374.0,8895000000.0,8895000000.0,None
2017-08-29,'601339,百隆东方,5.94,5.96,5.92,5.95,5.94,0.0,0.0,0.2234,3350968,19880826.0,8910000000.0,8910000000.0,None
2017-08-28,'601339,百隆东方,5.94,5.95,5.9,5.92,5.9,0.04,0.678,0.3062,4593688,27250474.0,8910000000.0,8910000000.0,None
2017-08-25,'601339,百隆东方,5.9,5.91,5.84,5.85,5.86,0.04,0.6826,0.174,2609775,15347495.0,8850000000.0,8850000000.0,None
2017-08-24,'601339,百隆东方,5.86,5.93,5.84,5.93,5.92,-0.06,-1.0135,0.2076,3114422,18320731.0,8790000000.0,8790000000.0,None
2017-08-23,'601339,百隆东方,5.92,5.94,5.87,5.91,5.91,0.01,0.1692,0.2238,3357696,19839000.0,8880000000.0,8880000000.0,None
2017-08-22,'601339,百隆东方,5.91,5.95,5.9,5.95,5.95,-0.04,-0.6723,0.2701,4051637,23974082.0,8865000000.0,8865000000.0,None
2017-08-21,'601339,百隆东方,5.95,5.97,5.92,5.96,5.95,0.0,0.0,0.2779,4168365,24752286.0,8925000000.0,8925000000.0,None
2017-08-18,'601339,百隆东方,5.95,5.97,5.93,5.94,5.96,-0.01,-0.1678,0.1655,2482718,14773087.0,8925000000.0,8925000000.0,None
2017-08-17,'601339,百隆东方,5.96,5.96,5.93,5.94,5.94,0.02,0.3367,0.2711,4067244,24195440.0,8940000000.0,8940000000.0,None
2017-08-16,'601339,百隆东方,5.94,5.95,5.91,5.94,5.93,0.01,0.1686,0.266,3989905,23654555.0,8910000000.0,8910000000.0,None
2017-08-15,'601339,百隆东方,5.93,5.96,5.92,5.94,5.95,-0.02,-0.3361,0.2451,3676205,21837537.0,8895000000.0,8895000000.0,None
2017-08-14,'601339,百隆东方,5.95,5.98,5.9,5.9,5.91,0.04,0.6768,0.3559,5338467,31712277.0,8925000000.0,8925000000.0,None
2017-08-11,'601339,百隆东方,5.91,6.0,5.91,5.95,5.97,-0.06,-1.005,0.2261,3391966,20189237.0,8865000000.0,8865000000.0,None
2017-08-10,'601339,百隆东方,5.97,6.07,5.95,6.06,6.07,-0.1,-1.6474,0.3887,5830880,35024935.0,8955000000.0,8955000000.0,None
2017-08-09,'601339,百隆东方,6.07,6.17,6.03,6.11,6.11,-0.04,-0.6547,0.3717,5576128,33980746.0,9105000000.0,9105000000.0,None
2017-08-08,'601339,百隆东方,6.11,6.14,6.08,6.12,6.11,0.0,0.0,0.2148,3222220,19704579.0,9165000000.0,9165000000.0,None
2017-08-07,'601339,百隆东方,6.11,6.11,6.02,6.05,6.04,0.07,1.1589,0.2722,4082384,24785272.0,9165000000.0,9165000000.0,None
2017-08-04,'601339,百隆东方,6.04,6.09,6.04,6.05,6.07,-0.03,-0.4942,0.2054,3080613,18703355.0,9060000000.0,9060000000.0,None
2017-08-03,'601339,百隆东方,6.07,6.09,5.98,6.0,5.99,0.08,1.3356,0.3242,4863328,29348232.0,9105000000.0,9105000000.0,None
2017-08-02,'601339,百隆东方,5.99,6.13,5.98,6.12,6.09,-0.1,-1.642,0.3206,4809200,29115805.0,8985000000.0,8985000000.0,None
2017-08-01,'601339,百隆东方,6.09,6.16,6.06,6.08,6.08,0.01,0.1645,0.3102,4653058,28397379.0,9135000000.0,9135000000.0,None
2017-07-31,'601339,百隆东方,6.08,6.11,6.05,6.07,6.08,0.0,0.0,0.2467,3700859,22494945.0,9120000000.0,9120000000.0,None
2017-07-28,'601339,百隆东方,6.08,6.12,6.06,6.11,6.11,-0.03,-0.491,0.1754,2630767,15999201.0,9120000000.0,9120000000.0,None
2017-07-27,'601339,百隆东方,6.11,6.15,6.07,6.13,6.14,-0.03,-0.4886,0.1756,2634477,16074235.0,9165000000.0,9165000000.0,None
2017-07-26,'601339,百隆东方,6.14,6.15,6.05,6.07,6.11,0.03,0.491,0.2217,3325727,20276773.0,9210000000.0,9210000000.0,None
2017-07-25,'601339,百隆东方,6.11,6.27,6.06,6.15,6.16,-0.05,-0.8117,0.5783,8673874,53731811.0,9165000000.0,9165000000.0,None
2017-07-24,'601339,百隆东方,6.16,6.2,6.11,6.13,6.13,0.03,0.4894,0.2818,4227406,25974379.0,9240000000.0,9240000000.0,None
2017-07-21,'601339,百隆东方,6.13,6.16,6.1,6.12,6.16,-0.03,-0.487,0.2166,3248521,19911617.0,9195000000.0,9195000000.0,None
2017-07-20,'601339,百隆东方,6.16,6.19,5.98,5.98,5.95,0.21,3.5294,0.5395,8092273,49572509.0,9240000000.0,9240000000.0,None
2017-07-19,'601339,百隆东方,5.95,5.97,5.85,5.85,5.89,0.06,1.0187,0.2267,3400264,20175873.0,8925000000.0,8925000000.0,None
2017-07-18,'601339,百隆东方,5.89,5.93,5.8,5.89,5.91,-0.02,-0.3384,0.2405,3607817,21135964.0,8835000000.0,8835000000.0,None
2017-07-17,'601339,百隆东方,5.91,6.12,5.9,6.1,6.12,-0.21,-3.4314,0.3297,4945588,29607316.0,8865000000.0,8865000000.0,None
2017-07-14,'601339,百隆东方,6.12,6.12,6.06,6.08,6.08,0.04,0.6579,0.2257,3386022,20653300.0,9180000000.0,9180000000.0,None
2017-07-13,'601339,百隆东方,6.08,6.1,5.99,6.03,6.03,0.05,0.8292,0.309,4635595,28156411.0,9120000000.0,9120000000.0,None
2017-07-12,'601339,百隆东方,6.03,6.03,5.94,6.0,6.02,0.01,0.1661,0.2834,4250910,25467759.0,9045000000.0,9045000000.0,None
2017-07-11,'601339,百隆东方,6.02,6.07,6.01,6.04,6.03,-0.01,-0.1658,0.335,5025516,30424376.0,9030000000.0,9030000000.0,None
2017-07-10,'601339,百隆东方,6.03,6.05,6.0,6.04,6.04,-0.01,-0.1656,0.2229,3343272,20158690.0,9045000000.0,9045000000.0,None
2017-07-07,'601339,百隆东方,6.04,6.04,5.99,6.02,6.01,0.03,0.4992,0.1947,2920326,17566076.0,9060000000.0,9060000000.0,None
2017-07-06,'601339,百隆东方,6.01,6.02,5.98,6.01,6.0,0.01,0.1667,0.2946,4418671,26540438.0,9015000000.0,9015000000.0,None
2017-07-05,'601339,百隆东方,6.0,6.01,5.95,5.98,5.96,0.04,0.6711,0.1747,2620818,15687129.0,9000000000.0,9000000000.0,None
2017-07-04,'601339,百隆东方,5.96,6.03,5.96,6.03,6.02,-0.06,-0.9967,0.1962,2943600,17638970.0,8940000000.0,8940000000.0,None
2017-07-03,'601339,百隆东方,6.02,6.04,5.96,5.96,5.95,0.07,1.1765,0.2942,4412298,26524526.0,9030000000.0,9030000000.0,None
2017-06-30,'601339,百隆东方,5.95,6.0,5.93,5.93,5.94,0.01,0.1684,0.1927,2891242,17260410.0,8925000000.0,8925000000.0,None
2017-06-29,'601339,百隆东方,5.94,5.99,5.91,5.93,5.91,0.03,0.5076,0.3318,4977453,29651475.0,8910000000.0,8910000000.0,None
2017-06-28,'601339,百隆东方,5.91,5.95,5.88,5.89,5.9,0.01,0.1695,0.2614,3921400,23232348.0,8865000000.0,8865000000.0,None
2017-06-27,'601339,百隆东方,5.9,5.92,5.83,5.84,5.84,0.06,1.0274,0.4048,6072653,35785507.0,8850000000.0,8850000000.0,None
2017-06-26,'601339,百隆东方,5.84,5.88,5.8,5.8,5.86,-0.02,-0.3413,0.2261,3392162,19837373.0,8760000000.0,8760000000.0,None
2017-06-23,'601339,百隆东方,5.86,5.89,5.81,5.87,5.88,-0.02,-0.3401,0.1808,2711587,15864393.0,8790000000.0,8790000000.0,None
2017-06-22,'601339,百隆东方,5.88,5.93,5.87,5.92,5.91,-0.03,-0.5076,0.2084,3126501,18460190.0,8820000000.0,8820000000.0,None
2017-06-21,'601339,百隆东方,5.91,5.92,5.87,5.91,5.88,0.03,0.5102,0.2065,3097024,18262366.0,8865000000.0,8865000000.0,None
2017-06-20,'601339,百隆东方,5.88,5.91,5.84,5.85,5.85,0.03,0.5128,0.1706,2558857,15054061.0,8820000000.0,8820000000.0,None
2017-06-19,'601339,百隆东方,5.85,5.88,5.81,5.81,5.83,0.02,0.3431,0.1223,1834028,10732037.0,8775000000.0,8775000000.0,None
2017-06-16,'601339,百隆东方,5.83,5.86,5.77,5.84,5.85,-0.02,-0.3419,0.1959,2938555,17094231.0,8745000000.0,8745000000.0,None
2017-06-15,'601339,百隆东方,5.85,5.87,5.8,5.8,5.82,0.03,0.5155,0.1874,2811340,16440503.0,8775000000.0,8775000000.0,None
2017-06-14,'601339,百隆东方,5.82,5.85,5.79,5.84,5.83,-0.01,-0.1715,0.2141,3210904,18699112.0,8730000000.0,8730000000.0,None
2017-06-13,'601339,百隆东方,5.83,5.86,5.78,5.81,5.81,0.02,0.3442,0.2087,3131164,18236331.0,8745000000.0,8745000000.0,None
2017-06-12,'601339,百隆东方,5.81,5.86,5.8,5.85,5.85,-0.04,-0.6838,0.2191,3285900,19149540.0,8715000000.0,8715000000.0,None
2017-06-09,'601339,百隆东方,5.85,5.86,5.83,5.85,5.85,0.0,0.0,0.1229,1843802,10778224.0,8775000000.0,8775000000.0,None
2017-06-08,'601339,百隆东方,5.85,5.86,5.81,5.85,5.86,-0.01,-0.1706,0.188,2819760,16452622.0,8775000000.0,8775000000.0,None
2017-06-07,'601339,XD百隆东,5.86,5.88,5.73,5.78,5.75,0.11,1.913,0.4077,6115472,35612727.0,8790000000.0,8790000000.0,None
2017-06-06,'601339,百隆东方,5.9,5.94,5.85,5.93,5.93,-0.03,-0.5059,0.2606,3908864,23027362.0,8850000000.0,8850000000.0,None
2017-06-05,'601339,百隆东方,5.93,5.97,5.92,5.95,5.93,0.0,0.0,0.153,2295272,13655109.0,8895000000.0,8895000000.0,None
2017-06-02,'601339,百隆东方,5.93,5.95,5.79,5.85,5.85,0.08,1.3675,0.3131,4697029,27691943.0,8895000000.0,8895000000.0,None
2017-06-01,'601339,百隆东方,5.85,5.92,5.81,5.87,5.9,-0.05,-0.8475,0.2829,4242764,24889685.0,8775000000.0,8775000000.0,None
2017-05-31,'601339,百隆东方,5.9,5.95,5.88,5.91,5.86,0.04,0.6826,0.316,4740689,28035600.0,8850000000.0,8850000000.0,None
2017-05-26,'601339,百隆东方,5.86,5.9,5.84,5.88,5.88,-0.02,-0.3401,0.1606,2408873,14139607.0,8790000000.0,8790000000.0,None
2017-05-25,'601339,百隆东方,5.88,5.9,5.82,5.84,5.89,-0.01,-0.1698,0.3211,4816442,28232815.0,8820000000.0,8820000000.0,None
2017-05-24,'601339,百隆东方,5.89,5.9,5.65,5.7,5.7,0.19,3.3333,0.7214,10820687,62977032.0,8835000000.0,8835000000.0,None
2017-05-23,'601339,百隆东方,5.7,5.78,5.65,5.76,5.77,-0.07,-1.2132,0.2947,4420987,25264371.0,8550000000.0,8550000000.0,None
2017-05-22,'601339,百隆东方,5.77,5.8,5.72,5.74,5.78,-0.01,-0.173,0.2604,3906031,22502324.0,8655000000.0,8655000000.0,None
2017-05-19,'601339,百隆东方,5.78,5.8,5.73,5.78,5.78,0.0,0.0,0.1778,2666929,15363590.0,8670000000.0,8670000000.0,None
2017-05-18,'601339,百隆东方,5.78,5.82,5.7,5.7,5.74,0.04,0.6969,0.4039,6058514,34991182.0,8670000000.0,8670000000.0,None
2017-05-17,'601339,百隆东方,5.74,5.78,5.71,5.75,5.75,-0.01,-0.1739,0.2179,3268552,18803770.0,8610000000.0,8610000000.0,None
2017-05-16,'601339,百隆东方,5.75,5.75,5.56,5.62,5.62,0.13,2.3132,0.392,5879579,33249347.0,8625000000.0,8625000000.0,None
2017-05-15,'601339,百隆东方,5.62,5.68,5.59,5.64,5.62,0.0,0.0,0.1956,2933531,16504721.0,8430000000.0,8430000000.0,None
2017-05-12,'601339,百隆东方,5.62,5.67,5.57,5.61,5.62,0.0,0.0,0.1823,2733813,15374855.0,8430000000.0,8430000000.0,None
2017-05-11,'601339,百隆东方,5.62,5.67,5.49,5.65,5.66,-0.04,-0.7067,0.2785,4177356,23331925.0,8430000000.0,8430000000.0,None
2017-05-10,'601339,百隆东方,5.66,5.78,5.65,5.76,5.72,-0.06,-1.049,0.2883,4324634,24809412.0,8490000000.0,8490000000.0,None
2017-05-09,'601339,百隆东方,5.72,5.75,5.62,5.7,5.68,0.04,0.7042,0.3024,4536674,25769293.0,8580000000.0,8580000000.0,None
2017-05-08,'601339,百隆东方,5.68,5.83,5.67,5.81,5.82,-0.14,-2.4055,0.3524,5285945,30409387.0,8520000000.0,8520000000.0,None
2017-05-05,'601339,百隆东方,5.82,5.84,5.79,5.82,5.83,-0.01,-0.1715,0.1954,2931639,17060304.0,8730000000.0,8730000000.0,None
2017-05-04,'601339,百隆东方,5.83,5.87,5.81,5.84,5.85,-0.02,-0.3419,0.3105,4657657,27252692.0,8745000000.0,8745000000.0,None
2017-05-03,'601339,百隆东方,5.85,5.87,5.8,5.87,5.87,-0.02,-0.3407,0.3449,5173435,30175159.0,8775000000.0,8775000000.0,None
2017-05-02,'601339,百隆东方,5.87,5.92,5.83,5.91,5.93,-0.06,-1.0118,0.4774,7160680,42073679.0,8805000000.0,8805000000.0,None
2017-04-28,'601339,百隆东方,5.93,5.94,5.86,5.9,5.88,0.05,0.8503,0.3319,4978070,29413440.0,8895000000.0,8895000000.0,None
2017-04-27,'601339,百隆东方,5.88,5.91,5.78,5.88,5.88,0.0,0.0,0.3046,4568962,26738522.0,8820000000.0,8820000000.0,None
2017-04-26,'601339,百隆东方,5.88,5.93,5.84,5.87,5.82,0.06,1.0309,0.4304,6456735,37972243.0,8820000000.0,8820000000.0,None
2017-04-25,'601339,百隆东方,5.82,5.87,5.8,5.85,5.83,-0.01,-0.1715,0.4618,6926606,40402419.0,8730000000.0,8730000000.0,None
2017-04-24,'601339,百隆东方,5.83,5.93,5.78,5.91,5.93,-0.1,-1.6863,0.4651,6976929,40847768.0,8745000000.0,8745000000.0,None
2017-04-21,'601339,百隆东方,5.93,5.96,5.89,5.92,5.92,0.01,0.1689,0.3579,5368922,31787316.0,8895000000.0,8895000000.0,None
2017-04-20,'601339,百隆东方,5.92,6.0,5.86,5.96,5.96,-0.04,-0.6711,0.5614,8421003,49948913.0,8880000000.0,8880000000.0,None
2017-04-19,'601339,百隆东方,5.96,6.12,5.9,6.1,6.13,-0.17,-2.7732,0.8788,13181589,79048983.0,8940000000.0,8940000000.0,None
2017-04-18,'601339,百隆东方,6.13,6.45,6.1,6.44,6.46,-0.33,-5.1084,1.3297,19945060,125692112.0,9195000000.0,9195000000.0,None
2017-04-17,'601339,百隆东方,6.46,6.49,6.34,6.38,6.36,0.1,1.5723,0.8984,13475261,86519107.0,9690000000.0,9690000000.0,None
2017-04-14,'601339,百隆东方,6.36,6.43,6.33,6.4,6.42,-0.06,-0.9346,0.3575,5362591,34162177.0,9540000000.0,9540000000.0,None
2017-04-13,'601339,百隆东方,6.42,6.43,6.33,6.33,6.35,0.07,1.1024,0.4757,7135401,45641509.0,9630000000.0,9630000000.0,None
2017-04-12,'601339,百隆东方,6.35,6.4,6.33,6.38,6.37,-0.02,-0.314,0.4494,6740754,42852064.0,9525000000.0,9525000000.0,None
2017-04-11,'601339,百隆东方,6.37,6.38,6.32,6.34,6.36,0.01,0.1572,0.4942,7412996,47128502.0,9555000000.0,9555000000.0,None
2017-04-10,'601339,百隆东方,6.36,6.4,6.35,6.35,6.37,-0.01,-0.157,0.3361,5041922,32139706.0,9540000000.0,9540000000.0,None
2017-04-07,'601339,百隆东方,6.37,6.38,6.32,6.37,6.37,0.0,0.0,0.2426,3639007,23108350.0,9555000000.0,9555000000.0,None
2017-04-06,'601339,百隆东方,6.37,6.39,6.34,6.35,6.34,0.03,0.4732,0.4093,6139737,39130793.0,9555000000.0,9555000000.0,None
2017-04-05,'601339,百隆东方,6.34,6.34,6.23,6.26,6.24,0.1,1.6026,0.4493,6740182,42453369.0,9510000000.0,9510000000.0,None
2017-03-31,'601339,百隆东方,6.24,6.27,6.19,6.23,6.21,0.03,0.4831,0.3484,5226087,32546646.0,9360000000.0,9360000000.0,None
2017-03-30,'601339,百隆东方,6.21,6.31,6.19,6.28,6.29,-0.08,-1.2719,0.3777,5665877,35411660.0,9315000000.0,9315000000.0,None
2017-03-29,'601339,百隆东方,6.29,6.35,6.27,6.35,6.34,-0.05,-0.7886,0.3307,4960671,31279157.0,9435000000.0,9435000000.0,None
2017-03-28,'601339,百隆东方,6.34,6.36,6.3,6.31,6.32,0.02,0.3165,0.2393,3589613,22713960.0,9510000000.0,9510000000.0,None
2017-03-27,'601339,百隆东方,6.32,6.38,6.32,6.34,6.4,-0.08,-1.25,0.4775,7161937,45433796.0,9480000000.0,9480000000.0,None
2017-03-24,'601339,百隆东方,6.4,6.45,6.26,6.28,6.28,0.12,1.9108,0.4934,7401356,46881408.0,9600000000.0,9600000000.0,None
2017-03-23,'601339,百隆东方,6.28,6.33,6.25,6.29,6.3,-0.02,-0.3175,0.2667,4000482,25155897.0,9420000000.0,9420000000.0,None
2017-03-22,'601339,百隆东方,6.3,6.35,6.26,6.31,6.35,-0.05,-0.7874,0.3186,4778772,30089062.0,9450000000.0,9450000000.0,None
2017-03-21,'601339,百隆东方,6.35,6.36,6.3,6.34,6.34,0.01,0.1577,0.28,4200000,26601759.0,9525000000.0,9525000000.0,None
2017-03-20,'601339,百隆东方,6.34,6.34,6.29,6.3,6.31,0.03,0.4754,0.3082,4623709,29181351.0,9510000000.0,9510000000.0,None
2017-03-17,'601339,百隆东方,6.31,6.37,6.3,6.37,6.36,-0.05,-0.7862,0.2483,3724204,23610974.0,9465000000.0,9465000000.0,None
2017-03-16,'601339,百隆东方,6.36,6.4,6.33,6.35,6.34,0.02,0.3155,0.3983,5975101,37962212.0,9540000000.0,9540000000.0,None
2017-03-15,'601339,百隆东方,6.34,6.37,6.31,6.32,6.33,0.01,0.158,0.1738,2607122,16528158.0,9510000000.0,9510000000.0,None
2017-03-14,'601339,百隆东方,6.33,6.38,6.32,6.36,6.36,-0.03,-0.4717,0.2847,4271185,27123224.0,9495000000.0,9495000000.0,None
2017-03-13,'601339,百隆东方,6.36,6.38,6.31,6.31,6.34,0.02,0.3155,0.3397,5095409,32361043.0,9540000000.0,9540000000.0,None
2017-03-10,'601339,百隆东方,6.34,6.46,6.33,6.44,6.47,-0.13,-2.0093,0.6372,9557660,60941916.0,9510000000.0,9510000000.0,None
2017-03-09,'601339,百隆东方,6.47,6.61,6.33,6.36,6.35,0.12,1.8898,0.9524,14285945,92354981.0,9705000000.0,9705000000.0,None
2017-03-08,'601339,百隆东方,6.35,6.41,6.34,6.41,6.41,-0.06,-0.936,0.2607,3910242,24888716.0,9525000000.0,9525000000.0,None
2017-03-07,'601339,百隆东方,6.41,6.45,6.36,6.44,6.43,-0.02,-0.311,0.3542,5312649,34064509.0,9615000000.0,9615000000.0,None
2017-03-06,'601339,百隆东方,6.43,6.48,6.38,6.4,6.39,0.04,0.626,0.4407,6610891,42533150.0,9645000000.0,9645000000.0,None
2017-03-03,'601339,百隆东方,6.39,6.43,6.32,6.38,6.4,-0.01,-0.1563,0.3758,5636557,35924180.0,9585000000.0,9585000000.0,None
2017-03-02,'601339,百隆东方,6.4,6.49,6.4,6.49,6.46,-0.06,-0.9288,0.2941,4411380,28386531.0,9600000000.0,9600000000.0,None
2017-03-01,'601339,百隆东方,6.46,6.49,6.44,6.48,6.48,-0.02,-0.3086,0.3108,4661575,30119142.0,9690000000.0,9690000000.0,None
2017-02-28,'601339,百隆东方,6.48,6.48,6.37,6.38,6.39,0.09,1.4085,0.3691,5537047,35645434.0,9720000000.0,9720000000.0,None
2017-02-27,'601339,百隆东方,6.39,6.45,6.38,6.41,6.44,-0.05,-0.7764,0.3596,5393284,34617936.0,9585000000.0,9585000000.0,None
2017-02-24,'601339,百隆东方,6.44,6.48,6.38,6.41,6.44,0.0,0.0,0.2973,4459257,28659484.0,9660000000.0,9660000000.0,None
2017-02-23,'601339,百隆东方,6.44,6.46,6.39,6.44,6.44,0.0,0.0,0.3337,5005191,32143782.0,9660000000.0,9660000000.0,None
2017-02-22,'601339,百隆东方,6.44,6.45,6.36,6.37,6.36,0.08,1.2579,0.4671,7007090,44956633.0,9660000000.0,9660000000.0,None
2017-02-21,'601339,百隆东方,6.36,6.39,6.33,6.36,6.38,-0.02,-0.3135,0.304,4559335,29000425.0,9540000000.0,9540000000.0,None
2017-02-20,'601339,百隆东方,6.38,6.4,6.22,6.24,6.24,0.14,2.2436,0.5846,8769733,55527128.0,9570000000.0,9570000000.0,None
2017-02-17,'601339,百隆东方,6.24,6.3,6.22,6.29,6.28,-0.04,-0.6369,0.2727,4090341,25590873.0,9360000000.0,9360000000.0,None
2017-02-16,'601339,百隆东方,6.28,6.29,6.22,6.26,6.25,0.03,0.48,0.2713,4070065,25467667.0,9420000000.0,9420000000.0,None
2017-02-15,'601339,百隆东方,6.25,6.3,6.25,6.26,6.28,-0.03,-0.4777,0.287,4304489,27038331.0,9375000000.0,9375000000.0,None
2017-02-14,'601339,百隆东方,6.28,6.31,6.24,6.28,6.27,0.01,0.1595,0.2593,3889311,24437319.0,9420000000.0,9420000000.0,None
2017-02-13,'601339,百隆东方,6.27,6.27,6.21,6.21,6.21,0.06,0.9662,0.3223,4834350,30227608.0,9405000000.0,9405000000.0,None
2017-02-10,'601339,百隆东方,6.21,6.25,6.18,6.21,6.21,0.0,0.0,0.3379,5068763,31476069.0,9315000000.0,9315000000.0,None
2017-02-09,'601339,百隆东方,6.21,6.22,6.17,6.18,6.19,0.02,0.3231,0.2585,3876901,24034020.0,9315000000.0,9315000000.0,None
2017-02-08,'601339,百隆东方,6.19,6.19,6.11,6.14,6.14,0.05,0.8143,0.3326,4989605,30760804.0,9285000000.0,9285000000.0,None
2017-02-07,'601339,百隆东方,6.14,6.15,6.1,6.12,6.13,0.01,0.1631,0.2393,3589856,21990241.0,9210000000.0,9210000000.0,None
2017-02-06,'601339,百隆东方,6.13,6.14,6.07,6.09,6.08,0.05,0.8224,0.4084,6126013,37403783.0,9195000000.0,9195000000.0,None
2017-02-03,'601339,百隆东方,6.08,6.12,6.06,6.12,6.11,-0.03,-0.491,0.1299,1948842,11873221.0,9120000000.0,9120000000.0,None
2017-01-26,'601339,百隆东方,6.11,6.13,6.09,6.11,6.1,0.01,0.1639,0.125,1875602,11460031.0,9165000000.0,9165000000.0,None
2017-01-25,'601339,百隆东方,6.1,6.12,6.06,6.06,6.08,0.02,0.3289,0.1651,2476511,15100693.0,9150000000.0,9150000000.0,None
2017-01-24,'601339,百隆东方,6.08,6.12,6.04,6.07,6.08,0.0,0.0,0.224,3360377,20419672.0,9120000000.0,9120000000.0,None
2017-01-23,'601339,百隆东方,6.08,6.1,6.01,6.02,6.01,0.07,1.1647,0.3705,5557287,33698421.0,9120000000.0,9120000000.0,None
2017-01-20,'601339,百隆东方,6.01,6.02,5.92,5.92,5.94,0.07,1.1785,0.2509,3763887,22521003.0,9015000000.0,9015000000.0,None
2017-01-19,'601339,百隆东方,5.94,5.97,5.91,5.95,5.95,-0.01,-0.1681,0.1999,2998521,17791584.0,8910000000.0,8910000000.0,None
2017-01-18,'601339,百隆东方,5.95,6.02,5.93,5.98,5.98,-0.03,-0.5017,0.244,3660125,21835552.0,8925000000.0,8925000000.0,None
2017-01-17,'601339,百隆东方,5.98,5.99,5.88,5.98,5.98,0.0,0.0,0.2212,3317361,19732303.0,8970000000.0,8970000000.0,None
2017-01-16,'601339,百隆东方,5.98,6.13,5.8,6.13,6.13,-0.15,-2.447,0.5208,7812044,47032138.0,8970000000.0,8970000000.0,None
2017-01-13,'601339,百隆东方,6.13,6.19,6.1,6.18,6.19,-0.06,-0.9693,0.211,3165400,19448966.0,9195000000.0,9195000000.0,None
2017-01-12,'601339,百隆东方,6.19,6.25,6.17,6.22,6.22,-0.03,-0.4823,0.2105,3157614,19611600.0,9285000000.0,9285000000.0,None
2017-01-11,'601339,百隆东方,6.22,6.27,6.21,6.26,6.26,-0.04,-0.639,0.1836,2753537,17187193.0,9330000000.0,9330000000.0,None
2017-01-10,'601339,百隆东方,6.26,6.3,6.24,6.3,6.29,-0.03,-0.4769,0.2286,3428758,21484139.0,9390000000.0,9390000000.0,None
2017-01-09,'601339,百隆东方,6.29,6.3,6.23,6.23,6.24,0.05,0.8013,0.2764,4145272,26016060.0,9435000000.0,9435000000.0,None
2017-01-06,'601339,百隆东方,6.24,6.3,6.23,6.27,6.28,-0.04,-0.6369,0.2425,3637958,22757784.0,9360000000.0,9360000000.0,None
2017-01-05,'601339,百隆东方,6.28,6.29,6.25,6.29,6.31,-0.03,-0.4754,0.2956,4433760,27818261.0,9420000000.0,9420000000.0,None
2017-01-04,'601339,百隆东方,6.31,6.33,6.26,6.33,6.32,-0.01,-0.1582,0.4439,6657948,41860388.0,9465000000.0,9465000000.0,None
2017-01-03,'601339,百隆东方,6.32,6.35,6.22,6.24,6.24,0.08,1.2821,0.3899,5848881,36773701.0,9480000000.0,9480000000.0,None
2016-12-30,'601339,百隆东方,6.24,6.24,6.19,6.21,6.2,0.04,0.6452,0.2208,3311628,20601637.0,9360000000.0,9360000000.0,None
2016-12-29,'601339,百隆东方,6.2,6.24,6.15,6.15,6.18,0.02,0.3236,0.2225,3337367,20707152.0,9300000000.0,9300000000.0,None
2016-12-28,'601339,百隆东方,6.18,6.23,6.15,6.23,6.22,-0.04,-0.6431,0.2691,4036314,24961596.0,9270000000.0,9270000000.0,None
2016-12-27,'601339,百隆东方,6.22,6.23,6.13,6.13,6.15,0.07,1.1382,0.4922,7383070,45722624.0,9330000000.0,9330000000.0,None
2016-12-26,'601339,百隆东方,6.15,6.16,6.07,6.12,6.12,0.03,0.4902,0.5863,8794165,53695921.0,9225000000.0,9225000000.0,None
2016-12-23,'601339,百隆东方,6.12,6.22,6.1,6.21,6.21,-0.09,-1.4493,0.4694,7041421,43356504.0,9180000000.0,9180000000.0,None
2016-12-22,'601339,百隆东方,6.21,6.22,6.17,6.19,6.19,0.02,0.3231,0.2961,4442163,27519693.0,9315000000.0,9315000000.0,None
2016-12-21,'601339,百隆东方,6.19,6.21,6.17,6.18,6.17,0.02,0.3241,0.5324,7986110,49412079.0,9285000000.0,9285000000.0,None
2016-12-20,'601339,百隆东方,6.17,6.18,6.14,6.16,6.17,0.0,0.0,0.244,3660546,22539007.0,9255000000.0,9255000000.0,None
2016-12-19,'601339,百隆东方,6.17,6.19,6.14,6.16,6.15,0.02,0.3252,0.3305,4957137,30573458.0,9255000000.0,9255000000.0,None
2016-12-16,'601339,百隆东方,6.15,6.2,6.13,6.16,6.15,0.0,0.0,0.378,5670086,34932232.0,9225000000.0,9225000000.0,None
2016-12-15,'601339,百隆东方,6.15,6.22,6.09,6.1,6.13,0.02,0.3263,0.4633,6949324,42816708.0,9225000000.0,9225000000.0,None
2016-12-14,'601339,百隆东方,6.13,6.22,6.11,6.21,6.21,-0.08,-1.2882,0.3517,5275173,32429387.0,9195000000.0,9195000000.0,None
2016-12-13,'601339,百隆东方,6.21,6.24,6.16,6.2,6.21,0.0,0.0,0.2891,4336137,26874817.0,9315000000.0,9315000000.0,None
2016-12-12,'601339,百隆东方,6.21,6.45,6.2,6.42,6.42,-0.21,-3.271,0.5727,8590105,54213388.0,9315000000.0,9315000000.0,None
2016-12-09,'601339,百隆东方,6.42,6.46,6.4,6.46,6.44,-0.02,-0.3106,0.3085,4626993,29760902.0,9630000000.0,9630000000.0,None
2016-12-08,'601339,百隆东方,6.44,6.48,6.43,6.45,6.45,-0.01,-0.155,0.4233,6349361,40985014.0,9660000000.0,9660000000.0,None
2016-12-07,'601339,百隆东方,6.45,6.47,6.39,6.42,6.41,0.04,0.624,0.5974,8961614,57569139.0,9675000000.0,9675000000.0,None
2016-12-06,'601339,百隆东方,6.41,6.47,6.39,6.45,6.42,-0.01,-0.1558,0.2372,3558391,22836245.0,9615000000.0,9615000000.0,None
2016-12-05,'601339,百隆东方,6.42,6.51,6.4,6.41,6.43,-0.01,-0.1555,0.3869,5803394,37451117.0,9630000000.0,9630000000.0,None
2016-12-02,'601339,百隆东方,6.43,6.58,6.42,6.58,6.56,-0.13,-1.9817,0.4243,6365200,41236495.0,9645000000.0,9645000000.0,None
2016-12-01,'601339,百隆东方,6.56,6.56,6.48,6.49,6.49,0.07,1.0786,0.3619,5429159,35489238.0,9840000000.0,9840000000.0,None
2016-11-30,'601339,百隆东方,6.49,6.56,6.46,6.54,6.55,-0.06,-0.916,0.5024,7535722,49058174.0,9735000000.0,9735000000.0,None
2016-11-29,'601339,百隆东方,6.55,6.66,6.54,6.65,6.65,-0.1,-1.5038,0.6795,10193180,67245702.0,9825000000.0,9825000000.0,None
2016-11-28,'601339,百隆东方,6.65,6.7,6.61,6.67,6.71,-0.06,-0.8942,0.5803,8704843,57863558.0,9975000000.0,9975000000.0,None
2016-11-25,'601339,百隆东方,6.71,6.74,6.55,6.68,6.78,-0.07,-1.0324,1.0598,15896600,105878580.0,10065000000.0,10065000000.0,None
2016-11-24,'601339,百隆东方,6.78,6.92,6.53,6.58,6.57,0.21,3.1963,2.2445,33667221,228789066.0,10170000000.0,10170000000.0,None
2016-11-23,'601339,百隆东方,6.57,6.62,6.5,6.6,6.6,-0.03,-0.4545,0.6628,9942084,65370020.0,9855000000.0,9855000000.0,None
2016-11-22,'601339,百隆东方,6.6,6.62,6.55,6.6,6.58,0.02,0.304,0.5604,8405265,55357634.0,9900000000.0,9900000000.0,None
2016-11-21,'601339,百隆东方,6.58,6.62,6.51,6.55,6.55,0.03,0.458,0.6936,10403327,68252473.0,9870000000.0,9870000000.0,None
2016-11-18,'601339,百隆东方,6.55,6.68,6.53,6.61,6.6,-0.05,-0.7576,0.6219,9328448,61489921.0,9825000000.0,9825000000.0,None
2016-11-17,'601339,百隆东方,6.6,6.64,6.51,6.57,6.61,-0.01,-0.1513,0.6484,9726114,63944360.0,9900000000.0,9900000000.0,None
2016-11-16,'601339,百隆东方,6.61,6.66,6.57,6.66,6.67,-0.06,-0.8996,0.7539,11309201,74736128.0,9915000000.0,9915000000.0,None
2016-11-15,'601339,百隆东方,6.67,6.68,6.49,6.5,6.5,0.17,2.6154,1.4439,21658050,143070836.0,10005000000.0,10005000000.0,None
2016-11-14,'601339,百隆东方,6.5,6.54,6.45,6.51,6.51,-0.01,-0.1536,0.8058,12087443,78352924.0,9750000000.0,9750000000.0,None
2016-11-11,'601339,百隆东方,6.51,6.52,6.45,6.48,6.49,0.02,0.3082,0.8079,12119017,78672967.0,9765000000.0,9765000000.0,None
2016-11-10,'601339,百隆东方,6.49,6.51,6.38,6.38,6.34,0.15,2.3659,1.164,17460415,112588685.0,9735000000.0,9735000000.0,None
2016-11-09,'601339,百隆东方,6.34,6.44,6.31,6.44,6.42,-0.08,-1.2461,0.5013,7519031,47858446.0,9510000000.0,9510000000.0,None
2016-11-08,'601339,百隆东方,6.42,6.42,6.37,6.4,6.35,0.07,1.1024,0.5004,7506176,48007184.0,9630000000.0,9630000000.0,None
2016-11-07,'601339,百隆东方,6.35,6.41,6.33,6.36,6.35,0.0,0.0,0.4209,6313119,40193347.0,9525000000.0,9525000000.0,None
2016-11-04,'601339,百隆东方,6.35,6.44,6.3,6.4,6.39,-0.04,-0.626,0.5371,8056020,51488753.0,9525000000.0,9525000000.0,None
2016-11-03,'601339,百隆东方,6.39,6.44,6.32,6.32,6.35,0.04,0.6299,0.6245,9367505,59864918.0,9585000000.0,9585000000.0,None
2016-11-02,'601339,百隆东方,6.35,6.38,6.31,6.35,6.36,-0.01,-0.1572,0.3391,5086126,32303392.0,9525000000.0,9525000000.0,None
2016-11-01,'601339,百隆东方,6.36,6.37,6.27,6.27,6.29,0.07,1.1129,0.4235,6352586,40282557.0,9540000000.0,9540000000.0,None
2016-10-31,'601339,百隆东方,6.29,6.34,6.24,6.31,6.31,-0.02,-0.317,0.3075,4612109,29007706.0,9435000000.0,9435000000.0,None
2016-10-28,'601339,百隆东方,6.31,6.4,6.3,6.37,6.37,-0.06,-0.9419,0.4694,7041475,44677230.0,9465000000.0,9465000000.0,None
2016-10-27,'601339,百隆东方,6.37,6.39,6.33,6.38,6.39,-0.02,-0.313,0.3957,5935081,37744899.0,9555000000.0,9555000000.0,None
2016-10-26,'601339,百隆东方,6.39,6.48,6.34,6.48,6.47,-0.08,-1.2365,0.7511,11266648,72040908.0,9585000000.0,9585000000.0,None
2016-10-25,'601339,百隆东方,6.47,6.5,6.39,6.5,6.46,0.01,0.1548,0.8914,13370787,86166718.0,9705000000.0,9705000000.0,None
2016-10-24,'601339,百隆东方,6.46,6.47,6.37,6.38,6.36,0.1,1.5723,0.9886,14829529,95305809.0,9690000000.0,9690000000.0,None
2016-10-21,'601339,百隆东方,6.36,6.37,6.27,6.32,6.32,0.04,0.6329,0.5631,8445897,53447501.0,9540000000.0,9540000000.0,None
2016-10-20,'601339,百隆东方,6.32,6.36,6.28,6.34,6.34,-0.02,-0.3155,0.412,6180269,39007856.0,9480000000.0,9480000000.0,None
2016-10-19,'601339,百隆东方,6.34,6.39,6.32,6.37,6.36,-0.02,-0.3145,0.4729,7093976,45056686.0,9510000000.0,9510000000.0,None
2016-10-18,'601339,百隆东方,6.36,6.38,6.27,6.29,6.3,0.06,0.9524,0.6018,9027155,57144802.0,9540000000.0,9540000000.0,None
2016-10-17,'601339,百隆东方,6.3,6.46,6.26,6.44,6.44,-0.14,-2.1739,0.8631,12945811,82158631.0,9450000000.0,9450000000.0,None
2016-10-14,'601339,百隆东方,6.44,6.48,6.39,6.45,6.5,-0.06,-0.9231,0.7482,11223582,72100847.0,9660000000.0,9660000000.0,None
2016-10-13,'601339,百隆东方,6.5,6.51,6.33,6.36,6.36,0.14,2.2013,1.23,18449672,118473023.0,9750000000.0,9750000000.0,None
2016-10-12,'601339,百隆东方,6.36,6.44,6.3,6.31,6.36,0.0,0.0,1.101,16514544,105259757.0,9540000000.0,9540000000.0,None
2016-10-11,'601339,百隆东方,6.36,6.4,6.31,6.4,6.39,-0.03,-0.4695,0.8595,12893165,81731868.0,9540000000.0,9540000000.0,None
2016-10-10,'601339,百隆东方,6.39,6.44,6.3,6.39,6.33,0.06,0.9479,0.8532,12798189,81409316.0,9585000000.0,9585000000.0,None
2016-09-30,'601339,百隆东方,6.33,6.38,6.24,6.24,6.24,0.09,1.4423,0.9383,14074470,89001329.0,9495000000.0,9495000000.0,None
2016-09-29,'601339,百隆东方,6.24,6.27,6.18,6.25,6.23,0.01,0.1605,0.5645,8467631,52787999.0,9360000000.0,9360000000.0,None
2016-09-28,'601339,百隆东方,6.23,6.32,6.19,6.32,6.31,-0.08,-1.2678,0.7776,11664693,72798974.0,9345000000.0,9345000000.0,None
2016-09-27,'601339,百隆东方,6.31,6.45,6.16,6.27,6.31,0.0,0.0,1.495,22424662,140962682.0,9465000000.0,9465000000.0,None
2016-09-26,'601339,百隆东方,6.31,6.35,6.1,6.1,6.13,0.18,2.9364,1.4588,21881730,137107519.0,9465000000.0,9465000000.0,None
2016-09-23,'601339,百隆东方,6.13,6.17,6.1,6.12,6.12,0.01,0.1634,0.2375,3562330,21874948.0,9195000000.0,9195000000.0,None
2016-09-22,'601339,百隆东方,6.12,6.18,6.1,6.11,6.11,0.01,0.1637,0.2766,4148582,25474761.0,9180000000.0,9180000000.0,None
2016-09-21,'601339,百隆东方,6.11,6.13,6.07,6.1,6.1,0.01,0.1639,0.23,3450006,21055966.0,9165000000.0,9165000000.0,None
2016-09-20,'601339,百隆东方,6.1,6.11,6.04,6.11,6.1,0.0,0.0,0.3458,5187435,31458834.0,9150000000.0,9150000000.0,None
2016-09-19,'601339,百隆东方,6.1,6.12,6.04,6.04,6.04,0.06,0.9934,0.2369,3553239,21644568.0,9150000000.0,9150000000.0,None
2016-09-14,'601339,百隆东方,6.04,6.07,6.02,6.07,6.07,-0.03,-0.4942,0.2362,3543392,21420412.0,9060000000.0,9060000000.0,None
2016-09-13,'601339,百隆东方,6.07,6.09,6.04,6.06,6.03,0.04,0.6633,0.2216,3324061,20174469.0,9105000000.0,9105000000.0,None
2016-09-12,'601339,百隆东方,6.03,6.12,6.0,6.11,6.18,-0.15,-2.4272,0.5161,7742219,46964908.0,9045000000.0,9045000000.0,None
2016-09-09,'601339,百隆东方,6.18,6.25,6.15,6.19,6.2,-0.02,-0.3226,0.6179,9267857,57473579.0,9270000000.0,9270000000.0,None
2016-09-08,'601339,百隆东方,6.2,6.2,6.15,6.17,6.17,0.03,0.4862,0.4536,6803559,42077770.0,9300000000.0,9300000000.0,None
2016-09-07,'601339,百隆东方,6.17,6.2,6.16,6.16,6.18,-0.01,-0.1618,0.4262,6392401,39511153.0,9255000000.0,9255000000.0,None
2016-09-06,'601339,百隆东方,6.18,6.18,6.07,6.13,6.13,0.05,0.8157,0.3923,5885201,36109721.0,9270000000.0,9270000000.0,None
2016-09-05,'601339,百隆东方,6.13,6.15,6.09,6.12,6.11,0.02,0.3273,0.289,4335263,26531028.0,9195000000.0,9195000000.0,None
2016-09-02,'601339,百隆东方,6.11,6.14,6.06,6.08,6.08,0.03,0.4934,0.3313,4969448,30358901.0,9165000000.0,9165000000.0,None
2016-09-01,'601339,百隆东方,6.08,6.18,6.06,6.15,6.17,-0.09,-1.4587,0.4782,7173085,43950156.0,9120000000.0,9120000000.0,None
2016-08-31,'601339,百隆东方,6.17,6.18,6.14,6.15,6.14,0.03,0.4886,0.4603,6904194,42538972.0,9255000000.0,9255000000.0,None
2016-08-30,'601339,百隆东方,6.14,6.2,6.12,6.15,6.16,-0.02,-0.3247,0.3563,5344702,32908218.0,9210000000.0,9210000000.0,None
2016-08-29,'601339,百隆东方,6.16,6.19,6.06,6.09,6.09,0.07,1.1494,0.4588,6881502,42228974.0,9240000000.0,9240000000.0,None
2016-08-26,'601339,百隆东方,6.09,6.16,6.07,6.1,6.1,-0.01,-0.1639,0.3005,4507089,27621849.0,9135000000.0,9135000000.0,None
2016-08-25,'601339,百隆东方,6.1,6.14,6.04,6.13,6.13,-0.03,-0.4894,0.3112,4668341,28395226.0,9150000000.0,9150000000.0,None
2016-08-24,'601339,百隆东方,6.13,6.18,6.11,6.18,6.17,-0.04,-0.6483,0.3505,5256879,32316272.0,9195000000.0,9195000000.0,None
2016-08-23,'601339,百隆东方,6.17,6.19,6.1,6.11,6.12,0.05,0.817,0.4131,6196161,38161772.0,9255000000.0,9255000000.0,None
2016-08-22,'601339,百隆东方,6.12,6.22,6.11,6.19,6.19,-0.07,-1.1309,0.4434,6651366,40881617.0,9180000000.0,9180000000.0,None
2016-08-19,'601339,百隆东方,6.19,6.22,6.13,6.18,6.19,0.0,0.0,0.4864,7296017,44985773.0,9285000000.0,9285000000.0,None
2016-08-18,'601339,百隆东方,6.19,6.26,6.18,6.22,6.25,-0.06,-0.96,0.5187,7780904,48384723.0,9285000000.0,9285000000.0,None
2016-08-17,'601339,百隆东方,6.25,6.26,6.19,6.24,6.26,-0.01,-0.1597,0.4263,6394301,39823387.0,9375000000.0,9375000000.0,None
2016-08-16,'601339,百隆东方,6.26,6.28,6.2,6.28,6.24,0.02,0.3205,0.7161,10741347,67121750.0,9390000000.0,9390000000.0,None
2016-08-15,'601339,百隆东方,6.24,6.29,6.1,6.14,6.14,0.1,1.6287,0.7506,11259419,69878724.0,9360000000.0,9360000000.0,None
2016-08-12,'601339,百隆东方,6.14,6.15,6.05,6.11,6.11,0.03,0.491,0.3064,4595259,28027097.0,9210000000.0,9210000000.0,None
2016-08-11,'601339,百隆东方,6.11,6.17,6.1,6.14,6.15,-0.04,-0.6504,0.2141,3211792,19692541.0,9165000000.0,9165000000.0,None
2016-08-10,'601339,百隆东方,6.15,6.19,6.09,6.12,6.1,0.05,0.8197,0.4239,6357825,39033900.0,9225000000.0,9225000000.0,None
2016-08-09,'601339,百隆东方,6.1,6.13,6.05,6.09,6.04,0.06,0.9934,0.3839,5759133,35104867.0,9150000000.0,9150000000.0,None
2016-08-08,'601339,百隆东方,6.04,6.05,5.92,5.95,5.95,0.09,1.5126,0.3659,5488040,32981244.0,9060000000.0,9060000000.0,None
2016-08-05,'601339,百隆东方,5.95,5.98,5.93,5.98,5.98,-0.03,-0.5017,0.2177,3265300,19419861.0,8925000000.0,8925000000.0,None
2016-08-04,'601339,百隆东方,5.98,5.98,5.93,5.97,5.98,0.0,0.0,0.2542,3813572,22702328.0,8970000000.0,8970000000.0,None
2016-08-03,'601339,百隆东方,5.98,5.99,5.92,5.95,5.96,0.02,0.3356,0.2066,3099012,18452969.0,8970000000.0,8970000000.0,None
2016-08-02,'601339,百隆东方,5.96,5.97,5.92,5.94,5.94,0.02,0.3367,0.2167,3251026,19317520.0,8940000000.0,8940000000.0,None
2016-08-01,'601339,百隆东方,5.94,6.0,5.92,6.0,5.99,-0.05,-0.8347,0.1965,2947163,17507196.0,8910000000.0,8910000000.0,None
2016-07-29,'601339,百隆东方,5.99,6.06,5.96,6.04,6.03,-0.04,-0.6633,0.2303,3454014,20729395.0,8985000000.0,8985000000.0,None
2016-07-28,'601339,百隆东方,6.03,6.07,5.98,6.02,6.05,-0.02,-0.3306,0.4451,6677131,40131139.0,9045000000.0,9045000000.0,None
2016-07-27,'601339,百隆东方,6.05,6.29,5.99,6.27,6.28,-0.23,-3.6624,0.4932,7398293,45292752.0,9075000000.0,9075000000.0,None
2016-07-26,'601339,百隆东方,6.28,6.28,6.22,6.24,6.22,0.06,0.9646,0.2453,3679503,23009354.0,9420000000.0,9420000000.0,None
2016-07-25,'601339,百隆东方,6.22,6.28,6.2,6.2,6.23,-0.01,-0.1605,0.3204,4806730,29924767.0,9330000000.0,9330000000.0,None
2016-07-22,'601339,百隆东方,6.23,6.35,6.2,6.35,6.38,-0.15,-2.3511,0.6398,9596781,60232899.0,9345000000.0,9345000000.0,None
2016-07-21,'601339,百隆东方,6.38,6.43,6.37,6.39,6.38,0.0,0.0,0.31,4649500,29738817.0,9570000000.0,9570000000.0,None
2016-07-20,'601339,百隆东方,6.38,6.42,6.35,6.41,6.42,-0.04,-0.6231,0.2339,3508061,22381969.0,9570000000.0,9570000000.0,None
2016-07-19,'601339,百隆东方,6.42,6.42,6.31,6.34,6.34,0.08,1.2618,0.3262,4893503,31122020.0,9630000000.0,9630000000.0,None
2016-07-18,'601339,百隆东方,6.34,6.41,6.31,6.41,6.4,-0.06,-0.9375,0.4446,6669607,42290463.0,9510000000.0,9510000000.0,None
2016-07-15,'601339,百隆东方,6.4,6.5,6.37,6.48,6.48,-0.08,-1.2346,0.5694,8540551,54819489.0,9600000000.0,9600000000.0,None
2016-07-14,'601339,百隆东方,6.48,6.65,6.46,6.56,6.46,0.02,0.3096,1.3765,20647788,135064174.0,9720000000.0,9720000000.0,None
2016-07-13,'601339,百隆东方,6.46,6.48,6.38,6.41,6.38,0.08,1.2539,0.8139,12208546,78451688.0,9690000000.0,9690000000.0,None
2016-07-12,'601339,百隆东方,6.38,6.4,6.25,6.3,6.27,0.11,1.7544,0.4078,6117578,38749497.0,9570000000.0,9570000000.0,None
2016-07-11,'601339,百隆东方,6.27,6.37,6.25,6.35,6.35,-0.08,-1.2598,0.4676,7013488,44129780.0,9405000000.0,9405000000.0,None
2016-07-08,'601339,百隆东方,6.35,6.39,6.32,6.38,6.38,-0.03,-0.4702,0.307,4605593,29224537.0,9525000000.0,9525000000.0,None
2016-07-07,'601339,百隆东方,6.38,6.42,6.31,6.33,6.36,0.02,0.3145,0.4257,6385601,40617416.0,9570000000.0,9570000000.0,None
2016-07-06,'601339,百隆东方,6.36,6.4,6.32,6.32,6.4,-0.04,-0.625,0.3926,5889481,37437827.0,9540000000.0,9540000000.0,None
2016-07-05,'601339,百隆东方,6.4,6.53,6.3,6.44,6.46,-0.06,-0.9288,0.6966,10448856,66716150.0,9600000000.0,9600000000.0,None
2016-07-04,'601339,百隆东方,6.46,6.66,6.19,6.21,6.23,0.23,3.6918,1.0425,15638146,101337929.0,9690000000.0,9690000000.0,None
2016-07-01,'601339,百隆东方,6.23,6.35,6.2,6.32,6.35,-0.12,-1.8898,0.3355,5032798,31446211.0,9345000000.0,9345000000.0,None
2016-06-30,'601339,百隆东方,6.35,6.41,6.29,6.31,6.3,0.05,0.7937,0.3655,5481958,34829244.0,9525000000.0,9525000000.0,None
2016-06-29,'601339,百隆东方,6.3,6.49,6.3,6.42,6.34,-0.04,-0.6309,0.4807,7210938,46117987.0,9450000000.0,9450000000.0,None
2016-06-28,'601339,百隆东方,6.34,6.38,6.17,6.23,6.23,0.11,1.7657,0.4723,7085195,44557665.0,9510000000.0,9510000000.0,None
2016-06-27,'601339,百隆东方,6.23,6.26,6.06,6.1,6.18,0.05,0.8091,0.3854,5780991,35824860.0,9345000000.0,9345000000.0,None
2016-06-24,'601339,百隆东方,6.18,6.27,5.89,6.22,6.21,-0.03,-0.4831,0.5254,7881262,48048122.0,9270000000.0,9270000000.0,None
2016-06-23,'601339,百隆东方,6.21,6.31,6.18,6.3,6.28,-0.07,-1.1146,0.2618,3927279,24380490.0,9315000000.0,9315000000.0,None
2016-06-22,'601339,百隆东方,6.28,6.28,6.16,6.23,6.22,0.06,0.9646,0.3097,4645845,28905999.0,9420000000.0,9420000000.0,None
2016-06-21,'601339,百隆东方,6.22,6.42,6.18,6.31,6.31,-0.09,-1.4263,0.4253,6379290,40198052.0,9330000000.0,9330000000.0,None
2016-06-20,'601339,百隆东方,6.31,6.35,6.24,6.35,6.37,-0.06,-0.9419,0.3827,5739966,36109695.0,9465000000.0,9465000000.0,None
2016-06-17,'601339,百隆东方,6.37,6.5,6.27,6.45,6.42,-0.05,-0.7788,0.5492,8237887,52621592.0,9555000000.0,9555000000.0,None
2016-06-16,'601339,百隆东方,6.42,6.67,6.36,6.6,6.69,-0.27,-4.0359,1.0349,15523222,100643012.0,9630000000.0,9630000000.0,None
2016-06-15,'601339,百隆东方,6.69,6.87,6.16,6.22,6.36,0.33,5.1887,1.497,22454835,145875708.0,10035000000.0,10035000000.0,None
2016-06-14,'601339,百隆东方,6.36,6.44,6.01,6.04,6.11,0.25,4.0917,0.7078,10617180,66556428.0,9540000000.0,9540000000.0,None
2016-06-13,'601339,百隆东方,6.11,6.18,5.94,5.98,6.04,0.07,1.1589,0.5484,8226074,50175798.0,9165000000.0,9165000000.0,None
2016-06-08,'601339,百隆东方,6.04,6.08,6.0,6.07,6.04,0.0,0.0,0.1273,1909960,11511746.0,9060000000.0,9060000000.0,None
2016-06-07,'601339,百隆东方,6.04,6.09,6.02,6.09,6.08,-0.04,-0.6579,0.1143,1714783,10359655.0,9060000000.0,9060000000.0,None
2016-06-06,'601339,百隆东方,6.08,6.13,6.01,6.06,6.09,-0.01,-0.1642,0.1214,1820726,11043151.0,9120000000.0,9120000000.0,None
2016-06-03,'601339,百隆东方,6.09,6.11,6.02,6.07,6.04,0.05,0.8278,0.2087,3131058,19009534.0,9135000000.0,9135000000.0,None
2016-06-02,'601339,百隆东方,6.04,6.12,6.01,6.08,6.09,-0.05,-0.821,0.2251,3376478,20460769.0,9060000000.0,9060000000.0,None
2016-06-01,'601339,百隆东方,6.09,6.16,6.0,6.0,5.99,0.1,1.6694,0.3603,5404419,32975883.0,9135000000.0,9135000000.0,None
2016-05-31,'601339,百隆东方,5.99,5.99,5.79,5.81,5.79,0.2,3.4542,0.285,4275341,25320845.0,8985000000.0,8985000000.0,None
2016-05-30,'601339,百隆东方,5.79,5.86,5.71,5.82,5.79,0.0,0.0,0.1263,1894522,11014190.0,8685000000.0,8685000000.0,None
2016-05-27,'601339,百隆东方,5.79,5.82,5.75,5.8,5.79,0.0,0.0,0.1297,1945989,11260250.0,8685000000.0,8685000000.0,None
2016-05-26,'601339,百隆东方,5.79,5.83,5.68,5.83,5.8,-0.01,-0.1724,0.1257,1885541,10822489.0,8685000000.0,8685000000.0,None
2016-05-25,'601339,百隆东方,5.8,5.85,5.79,5.85,5.81,-0.01,-0.1721,0.1123,1683950,9796839.0,8700000000.0,8700000000.0,None
2016-05-24,'601339,百隆东方,5.81,5.87,5.78,5.87,5.88,-0.07,-1.1905,0.1371,2055840,11955178.0,8715000000.0,8715000000.0,None
2016-05-23,'601339,百隆东方,5.88,5.89,5.79,5.85,5.85,0.03,0.5128,0.1599,2398426,14031705.0,8820000000.0,8820000000.0,None
2016-05-20,'601339,百隆东方,5.85,5.85,5.69,5.77,5.84,0.01,0.1712,0.179,2685057,15497687.0,8775000000.0,8775000000.0,None
2016-05-19,'601339,百隆东方,5.84,5.99,5.74,5.8,5.84,0.0,0.0,0.3292,4938746,29050956.0,8760000000.0,8760000000.0,None
2016-05-18,'601339,百隆东方,5.84,5.85,5.71,5.78,5.73,0.11,1.9197,0.3983,5975233,34554363.0,8760000000.0,8760000000.0,None
2016-05-17,'601339,百隆东方,5.73,5.76,5.7,5.74,5.76,-0.03,-0.5208,0.1322,1983497,11368187.0,8595000000.0,8595000000.0,None
2016-05-16,'601339,百隆东方,5.76,5.8,5.66,5.7,5.75,0.01,0.1739,0.3416,5123379,29313023.0,8640000000.0,8640000000.0,None
2016-05-13,'601339,百隆东方,5.75,5.89,5.73,5.88,5.87,-0.12,-2.0443,0.1548,2322747,13501542.0,8625000000.0,8625000000.0,None
2016-05-12,'601339,百隆东方,5.87,5.91,5.65,5.82,5.86,0.01,0.1706,0.216,3240020,18706335.0,8805000000.0,8805000000.0,None
2016-05-11,'601339,XD百隆东,5.86,5.9,5.7,5.84,5.78,0.08,1.3841,0.2593,3889593,22592015.0,8790000000.0,8790000000.0,None
2016-05-10,'601339,百隆东方,5.89,6.03,5.8,5.99,5.99,-0.1,-1.6694,0.2678,4017451,23838201.0,8835000000.0,8835000000.0,None
2016-05-09,'601339,百隆东方,5.99,6.29,5.95,6.2,6.21,-0.22,-3.5427,0.3076,4613581,27943679.0,8985000000.0,8985000000.0,None
2016-05-06,'601339,百隆东方,6.21,6.44,6.17,6.41,6.4,-0.19,-2.9688,0.437,6555489,41363421.0,9315000000.0,9315000000.0,None
2016-05-05,'601339,百隆东方,6.4,6.42,6.28,6.33,6.31,0.09,1.4263,0.2884,4325386,27511452.0,9600000000.0,9600000000.0,None
2016-05-04,'601339,百隆东方,6.31,6.41,6.26,6.33,6.31,0.0,0.0,0.2556,3833343,24248349.0,9465000000.0,9465000000.0,None
2016-05-03,'601339,百隆东方,6.31,6.36,6.12,6.12,6.12,0.19,3.1046,0.3239,4859171,30510011.0,9465000000.0,9465000000.0,None
2016-04-29,'601339,百隆东方,6.12,6.26,6.1,6.26,6.24,-0.12,-1.9231,0.28,4199272,25882586.0,9180000000.0,9180000000.0,None
2016-04-28,'601339,百隆东方,6.24,6.28,6.15,6.24,6.24,0.0,0.0,0.1847,2770002,17224498.0,9360000000.0,9360000000.0,None
2016-04-27,'601339,百隆东方,6.24,6.38,6.2,6.34,6.31,-0.07,-1.1094,0.2204,3305250,20775711.0,9360000000.0,9360000000.0,None
2016-04-26,'601339,百隆东方,6.31,6.32,6.2,6.2,6.27,0.04,0.638,0.2215,3323014,20821034.0,9465000000.0,9465000000.0,None
2016-04-25,'601339,百隆东方,6.27,6.42,6.14,6.31,6.41,-0.14,-2.1841,0.3931,5896150,36778208.0,9405000000.0,9405000000.0,None
2016-04-22,'601339,百隆东方,6.41,6.5,6.25,6.38,6.37,0.04,0.6279,0.264,3960180,25187074.0,9615000000.0,9615000000.0,None
2016-04-21,'601339,百隆东方,6.37,6.59,6.31,6.5,6.48,-0.11,-1.6975,0.4712,7068057,45622912.0,9555000000.0,9555000000.0,None
2016-04-20,'601339,百隆东方,6.48,6.86,6.27,6.8,6.71,-0.23,-3.4277,0.7801,11701436,76800142.0,9720000000.0,9720000000.0,None
2016-04-19,'601339,百隆东方,6.71,7.1,6.63,6.9,6.84,-0.13,-1.9006,0.5909,8863373,60200918.0,10065000000.0,10065000000.0,None
2016-04-18,'601339,百隆东方,6.84,6.96,6.49,6.64,6.67,0.17,2.5487,0.8202,12303718,83264762.0,10260000000.0,10260000000.0,None
2016-04-15,'601339,百隆东方,6.67,6.74,6.57,6.7,6.74,-0.07,-1.0386,0.5798,8696763,57611335.0,10005000000.0,10005000000.0,None
2016-04-14,'601339,百隆东方,6.74,6.84,6.66,6.78,6.84,-0.1,-1.462,0.5761,8640926,58031580.0,10110000000.0,10110000000.0,None
2016-04-13,'601339,百隆东方,6.84,7.2,6.77,7.0,6.62,0.22,3.3233,1.7598,26396460,183453262.0,10260000000.0,10260000000.0,None
2016-04-12,'601339,百隆东方,6.62,6.92,6.34,6.4,6.29,0.33,5.2464,1.5655,23482858,156799863.0,9930000000.0,9930000000.0,None
2016-04-11,'601339,百隆东方,6.29,6.33,6.17,6.2,6.13,0.16,2.6101,0.6285,9426828,59163785.0,9435000000.0,9435000000.0,None
2016-04-08,'601339,百隆东方,6.13,6.18,6.03,6.09,6.1,0.03,0.4918,0.3969,5953439,36338766.0,9195000000.0,9195000000.0,None
2016-04-07,'601339,百隆东方,6.1,6.22,6.09,6.19,6.19,-0.09,-1.454,0.4436,6653546,40839423.0,9150000000.0,9150000000.0,None
2016-04-06,'601339,百隆东方,6.19,6.27,6.14,6.27,6.29,-0.1,-1.5898,0.7082,10622872,65902255.0,9285000000.0,9285000000.0,None
2016-04-05,'601339,百隆东方,6.29,6.47,6.22,6.33,6.26,0.03,0.4792,0.786,11789262,74353399.0,9435000000.0,9435000000.0,None
2016-04-01,'601339,百隆东方,6.26,6.28,6.04,6.11,6.15,0.11,1.7886,0.8589,12883102,79890095.0,9390000000.0,9390000000.0,None
2016-03-31,'601339,百隆东方,6.15,6.18,5.98,6.08,6.12,0.03,0.4902,0.7853,11779261,71590837.0,9225000000.0,9225000000.0,None
2016-03-30,'601339,百隆东方,6.12,6.14,5.87,5.91,5.9,0.22,3.7288,0.9353,14030092,84202710.0,9180000000.0,9180000000.0,None
2016-03-29,'601339,百隆东方,5.9,6.07,5.75,5.8,5.76,0.14,2.4306,1.0053,15078891,89334281.0,8850000000.0,8850000000.0,None
2016-03-28,'601339,百隆东方,5.76,5.88,5.76,5.79,5.79,-0.03,-0.5181,0.2755,4132593,24101849.0,8640000000.0,8640000000.0,None
2016-03-25,'601339,百隆东方,5.79,5.82,5.74,5.74,5.77,0.02,0.3466,0.2148,3222433,18617526.0,8685000000.0,8685000000.0,None
2016-03-24,'601339,百隆东方,5.77,5.86,5.75,5.85,5.9,-0.13,-2.2034,0.3237,4855346,28219380.0,8655000000.0,8655000000.0,None
2016-03-23,'601339,百隆东方,5.9,5.9,5.82,5.87,5.85,0.05,0.8547,0.2816,4223769,24770394.0,8850000000.0,8850000000.0,None
2016-03-22,'601339,百隆东方,5.85,5.9,5.81,5.86,5.9,-0.05,-0.8475,0.3649,5473550,32013605.0,8775000000.0,8775000000.0,None
2016-03-21,'601339,百隆东方,5.9,5.93,5.82,5.83,5.81,0.09,1.5491,0.5776,8663586,50949526.0,8850000000.0,8850000000.0,None
2016-03-18,'601339,百隆东方,5.81,5.83,5.65,5.68,5.66,0.15,2.6502,0.562,8429879,48626144.0,8715000000.0,8715000000.0,None
2016-03-17,'601339,百隆东方,5.66,5.7,5.53,5.58,5.53,0.13,2.3508,0.266,3989984,22418110.0,8490000000.0,8490000000.0,None
2016-03-16,'601339,百隆东方,5.53,5.68,5.51,5.61,5.62,-0.09,-1.6014,0.1908,2861493,15972348.0,8295000000.0,8295000000.0,None
2016-03-15,'601339,百隆东方,5.62,5.73,5.56,5.69,5.67,-0.05,-0.8818,0.2522,3782342,21424299.0,8430000000.0,8430000000.0,None
2016-03-14,'601339,百隆东方,5.67,5.79,5.55,5.6,5.52,0.15,2.7174,0.3438,5156678,29305129.0,8505000000.0,8505000000.0,None
2016-03-11,'601339,百隆东方,5.52,5.57,5.39,5.4,5.48,0.04,0.7299,0.1592,2387394,13101662.0,8280000000.0,8280000000.0,None
2016-03-10,'601339,百隆东方,5.48,5.62,5.44,5.57,5.55,-0.07,-1.2613,0.2453,3679578,20269958.0,8220000000.0,8220000000.0,None
2016-03-09,'601339,百隆东方,5.55,5.68,5.5,5.68,5.78,-0.23,-3.9792,0.3694,5540667,30996609.0,8325000000.0,8325000000.0,None
2016-03-08,'601339,百隆东方,5.78,5.82,5.56,5.8,5.83,-0.05,-0.8576,0.495,7425603,42355099.0,8670000000.0,8670000000.0,None
2016-03-07,'601339,百隆东方,5.83,5.85,5.58,5.58,5.56,0.27,4.8561,0.6387,9581114,54827559.0,8745000000.0,8745000000.0,None
2016-03-04,'601339,百隆东方,5.56,5.75,5.43,5.68,5.75,-0.19,-3.3043,0.4993,7490199,41949367.0,8340000000.0,8340000000.0,None
2016-03-03,'601339,百隆东方,5.75,5.87,5.67,5.7,5.71,0.04,0.7005,0.4694,7040604,40742408.0,8625000000.0,8625000000.0,None
2016-03-02,'601339,百隆东方,5.71,5.75,5.42,5.42,5.45,0.26,4.7706,0.4647,6970567,39177718.0,8565000000.0,8565000000.0,None
2016-03-01,'601339,百隆东方,5.45,5.5,5.31,5.38,5.35,0.1,1.8692,0.2847,4269805,23061866.0,8175000000.0,8175000000.0,None
2016-02-29,'601339,百隆东方,5.35,5.52,5.12,5.48,5.48,-0.13,-2.3723,0.5024,7536527,40278869.0,8025000000.0,8025000000.0,None
2016-02-26,'601339,百隆东方,5.48,5.54,5.38,5.49,5.42,0.06,1.107,0.302,4530378,24842797.0,8220000000.0,8220000000.0,None
2016-02-25,'601339,百隆东方,5.42,5.88,5.33,5.85,5.88,-0.46,-7.8231,0.4383,6574785,36779064.0,8130000000.0,8130000000.0,None
2016-02-24,'601339,百隆东方,5.88,5.89,5.75,5.83,5.84,0.04,0.6849,0.2823,4233758,24631706.0,8820000000.0,8820000000.0,None
2016-02-23,'601339,百隆东方,5.84,5.94,5.75,5.87,5.89,-0.05,-0.8489,0.3002,4503736,26312804.0,8760000000.0,8760000000.0,None
2016-02-22,'601339,百隆东方,5.89,5.92,5.82,5.88,5.82,0.07,1.2027,0.337,5055203,29689377.0,8835000000.0,8835000000.0,None
2016-02-19,'601339,百隆东方,5.82,5.84,5.74,5.8,5.8,0.02,0.3448,0.263,3945249,22894628.0,8730000000.0,8730000000.0,None
2016-02-18,'601339,百隆东方,5.8,5.85,5.76,5.84,5.8,0.0,0.0,0.4024,6035900,34969809.0,8700000000.0,8700000000.0,None
2016-02-17,'601339,百隆东方,5.8,5.83,5.71,5.81,5.83,-0.03,-0.5146,0.3323,4984531,28771848.0,8700000000.0,8700000000.0,None
2016-02-16,'601339,百隆东方,5.83,5.87,5.6,5.66,5.63,0.2,3.5524,0.3718,5576642,32157700.0,8745000000.0,8745000000.0,None
2016-02-15,'601339,百隆东方,5.63,5.68,5.41,5.49,5.64,-0.01,-0.1773,0.2274,3410473,19034992.0,8445000000.0,8445000000.0,None
2016-02-05,'601339,百隆东方,5.64,5.76,5.62,5.65,5.65,-0.01,-0.177,0.3499,5249186,29856165.0,8460000000.0,8460000000.0,None
2016-02-04,'601339,百隆东方,5.65,5.74,5.44,5.5,5.4,0.25,4.6296,0.592,8880004,50241503.0,8475000000.0,8475000000.0,None
2016-02-03,'601339,百隆东方,5.4,5.42,5.27,5.37,5.38,0.02,0.3717,0.2776,4164521,22205429.0,8100000000.0,8100000000.0,None
2016-02-02,'601339,百隆东方,5.38,5.43,5.25,5.25,5.27,0.11,2.0873,0.255,3824481,20507694.0,8070000000.0,8070000000.0,None
2016-02-01,'601339,百隆东方,5.27,5.3,5.21,5.3,5.27,0.0,0.0,0.1961,2941638,15449504.0,7905000000.0,7905000000.0,None
2016-01-29,'601339,百隆东方,5.27,5.36,5.06,5.06,5.06,0.21,4.1502,0.3427,5139909,26829117.0,7905000000.0,7905000000.0,None
2016-01-28,'601339,百隆东方,5.06,5.31,5.03,5.31,5.31,-0.25,-4.7081,0.246,3690295,19180054.0,7590000000.0,7590000000.0,None
2016-01-27,'601339,百隆东方,5.31,5.5,5.15,5.45,5.4,-0.09,-1.6667,0.3591,5386844,28475986.0,7965000000.0,7965000000.0,None
2016-01-26,'601339,百隆东方,5.4,5.83,5.21,5.69,5.73,-0.33,-5.7592,0.4763,7144731,40013428.0,8100000000.0,8100000000.0,None
2016-01-25,'601339,百隆东方,5.73,5.8,5.68,5.75,5.68,0.05,0.8803,0.2268,3401443,19511001.0,8595000000.0,8595000000.0,None
2016-01-22,'601339,百隆东方,5.68,5.75,5.54,5.7,5.64,0.04,0.7092,0.2836,4254584,24071908.0,8520000000.0,8520000000.0,None
2016-01-21,'601339,百隆东方,5.64,5.89,5.61,5.79,5.84,-0.2,-3.4247,0.3616,5423700,31287648.0,8460000000.0,8460000000.0,None
2016-01-20,'601339,百隆东方,5.84,5.95,5.83,5.89,5.94,-0.1,-1.6835,0.3425,5137550,30222416.0,8760000000.0,8760000000.0,None
2016-01-19,'601339,百隆东方,5.94,5.94,5.7,5.74,5.74,0.2,3.4843,0.3942,5912998,34717337.0,8910000000.0,8910000000.0,None
2016-01-18,'601339,百隆东方,5.74,5.8,5.49,5.54,5.69,0.05,0.8787,0.3587,5380489,30720054.0,8610000000.0,8610000000.0,None
2016-01-15,'601339,百隆东方,5.69,5.92,5.66,5.91,5.91,-0.22,-3.7225,0.4128,6192554,36025305.0,8535000000.0,8535000000.0,None
2016-01-14,'601339,百隆东方,5.91,5.97,5.51,5.7,5.78,0.13,2.2491,0.4407,6609983,37998576.0,8865000000.0,8865000000.0,None
2016-01-13,'601339,百隆东方,5.78,6.06,5.77,6.05,5.99,-0.21,-3.5058,0.4516,6774607,40297315.0,8670000000.0,8670000000.0,None
2016-01-12,'601339,百隆东方,5.99,6.14,5.88,6.02,6.0,-0.01,-0.1667,0.5531,8296032,49867144.0,8985000000.0,8985000000.0,None
2016-01-11,'601339,百隆东方,6.0,6.39,6.0,6.21,6.47,-0.47,-7.2643,0.8395,12591779,77785255.0,9000000000.0,9000000000.0,None
2016-01-08,'601339,百隆东方,6.47,6.7,6.05,6.52,6.27,0.2,3.1898,0.8521,12782060,82461508.0,9705000000.0,9705000000.0,None
2016-01-07,'601339,百隆东方,6.27,6.78,6.23,6.78,6.9,-0.63,-9.1304,0.1842,2763600,18032714.0,9405000000.0,9405000000.0,None
2016-01-06,'601339,百隆东方,6.9,6.95,6.68,6.68,6.65,0.25,3.7594,0.6876,10314204,70042206.0,10350000000.0,10350000000.0,None
2016-01-05,'601339,百隆东方,6.65,6.89,6.32,6.4,6.81,-0.16,-2.3495,0.9069,13602845,90273243.0,9975000000.0,9975000000.0,None
2016-01-04,'601339,百隆东方,6.81,7.6,6.8,7.53,7.53,-0.72,-9.5618,0.6124,9185254,66140589.0,10215000000.0,10215000000.0,None
2015-12-31,'601339,百隆东方,7.53,7.72,7.51,7.7,7.73,-0.2,-2.5873,0.5355,8033234,61181024.0,11295000000.0,11295000000.0,None
2015-12-30,'601339,百隆东方,7.73,7.75,7.5,7.57,7.56,0.17,2.2487,0.7621,11430796,86881454.0,11595000000.0,11595000000.0,None
2015-12-29,'601339,百隆东方,7.56,7.59,7.41,7.52,7.56,0.0,0.0,0.6414,9621675,72026006.0,11340000000.0,11340000000.0,None
2015-12-28,'601339,百隆东方,7.56,7.82,7.52,7.66,7.65,-0.09,-1.1765,0.7635,11452860,87985426.0,11340000000.0,11340000000.0,None
2015-12-25,'601339,百隆东方,7.65,7.7,7.57,7.58,7.58,0.07,0.9235,0.4822,7232893,55187471.0,11475000000.0,11475000000.0,None
2015-12-24,'601339,百隆东方,7.58,7.81,7.48,7.74,7.78,-0.2,-2.5707,0.8717,13075416,99407956.0,11370000000.0,11370000000.0,None
2015-12-23,'601339,百隆东方,7.78,7.9,7.76,7.88,7.88,-0.1,-1.269,0.8792,13187692,103503053.0,11670000000.0,11670000000.0,None
2015-12-22,'601339,百隆东方,7.88,7.95,7.8,7.91,7.92,-0.04,-0.5051,0.8496,12743727,100124930.0,11820000000.0,11820000000.0,None
2015-12-21,'601339,百隆东方,7.92,7.93,7.75,7.87,7.88,0.04,0.5076,1.1105,16658007,130576884.0,11880000000.0,11880000000.0,None
2015-12-18,'601339,百隆东方,7.88,8.12,7.85,8.12,8.09,-0.21,-2.5958,1.2451,18677228,148491157.0,11820000000.0,11820000000.0,None
2015-12-17,'601339,百隆东方,8.09,8.14,7.92,7.92,7.88,0.21,2.665,1.5714,23571185,189195091.0,12135000000.0,12135000000.0,None
2015-12-16,'601339,百隆东方,7.88,8.08,7.83,8.02,8.05,-0.17,-2.1118,1.2458,18687097,148547029.0,11820000000.0,11820000000.0,None
2015-12-15,'601339,百隆东方,8.05,8.16,7.95,8.1,8.1,-0.05,-0.6173,1.3808,20712470,166509354.0,12075000000.0,12075000000.0,None
2015-12-14,'601339,百隆东方,8.1,8.14,7.8,7.83,7.95,0.15,1.8868,1.5248,22871890,183359388.0,12150000000.0,12150000000.0,None
2015-12-11,'601339,百隆东方,7.95,8.03,7.68,7.76,7.78,0.17,2.1851,1.2652,18978220,148754752.0,11925000000.0,11925000000.0,None
2015-12-10,'601339,百隆东方,7.78,7.98,7.76,7.88,7.99,-0.21,-2.6283,1.1616,17423775,136607685.0,11670000000.0,11670000000.0,None
2015-12-09,'601339,百隆东方,7.99,8.08,7.7,7.82,7.79,0.2,2.5674,1.524,22860369,180466235.0,11985000000.0,11985000000.0,None
2015-12-08,'601339,百隆东方,7.79,8.12,7.76,8.12,8.18,-0.39,-4.7677,1.9509,29263587,231232284.0,11685000000.0,11685000000.0,None
2015-12-07,'601339,百隆东方,8.18,8.28,7.96,8.1,8.19,-0.01,-0.1221,1.8112,27168292,220204417.0,12270000000.0,12270000000.0,None
2015-12-04,'601339,百隆东方,8.19,8.44,8.05,8.2,8.45,-0.26,-3.0769,2.5716,38574001,317104225.0,12285000000.0,12285000000.0,None
2015-12-03,'601339,百隆东方,8.45,8.85,8.01,8.06,8.19,0.26,3.1746,4.0323,60484601,510488673.0,12675000000.0,12675000000.0,None
2015-12-02,'601339,百隆东方,8.19,8.61,7.8,8.61,8.54,-0.35,-4.0984,4.7587,71380273,584279407.0,12285000000.0,12285000000.0,None
2015-12-01,'601339,百隆东方,8.54,8.54,8.31,8.38,7.76,0.78,10.0515,4.7824,71736223,610815834.0,12810000000.0,12810000000.0,None
2015-11-30,'601339,百隆东方,7.76,7.76,6.98,6.98,7.05,0.71,10.0709,2.5504,38255979,285281486.0,11640000000.0,11640000000.0,None
2015-11-27,'601339,百隆东方,7.05,7.63,6.93,7.53,7.59,-0.54,-7.1146,1.5636,23454284,171851684.0,10575000000.0,10575000000.0,None
2015-11-26,'601339,百隆东方,7.59,7.78,7.36,7.4,7.41,0.18,2.4291,2.0206,30308920,231059811.0,11385000000.0,11385000000.0,None
2015-11-25,'601339,百隆东方,7.41,7.42,7.28,7.32,7.36,0.05,0.6793,0.8317,12474952,91693640.0,11115000000.0,11115000000.0,None
2015-11-24,'601339,百隆东方,7.36,7.44,7.16,7.39,7.41,-0.05,-0.6748,0.9242,13863635,100884852.0,11040000000.0,11040000000.0,None
2015-11-23,'601339,百隆东方,7.41,7.64,7.29,7.35,7.36,0.05,0.6793,1.8085,27127248,203273502.0,11115000000.0,11115000000.0,None
2015-11-20,'601339,百隆东方,7.36,7.45,7.13,7.16,7.15,0.21,2.9371,1.6465,24697785,180529233.0,11040000000.0,11040000000.0,None
2015-11-19,'601339,百隆东方,7.15,7.16,7.05,7.05,7.03,0.12,1.707,0.5093,7639852,54382399.0,10725000000.0,10725000000.0,None
2015-11-18,'601339,百隆东方,7.03,7.19,7.02,7.13,7.15,-0.12,-1.6783,0.5775,8662015,61400774.0,10545000000.0,10545000000.0,None
2015-11-17,'601339,百隆东方,7.15,7.34,7.13,7.21,7.21,-0.06,-0.8322,0.8786,13178565,95484148.0,10725000000.0,10725000000.0,None
2015-11-16,'601339,百隆东方,7.21,7.23,6.96,7.01,7.16,0.05,0.6983,0.6754,10130713,71921884.0,10815000000.0,10815000000.0,None
2015-11-13,'601339,百隆东方,7.16,7.28,7.08,7.25,7.34,-0.18,-2.4523,0.9094,13641021,97823107.0,10740000000.0,10740000000.0,None
2015-11-12,'601339,百隆东方,7.34,7.45,7.26,7.43,7.45,-0.11,-1.4765,0.9431,14147110,103642981.0,11010000000.0,11010000000.0,None
2015-11-11,'601339,百隆东方,7.45,7.54,7.3,7.32,7.32,0.13,1.776,1.239,18585493,138090201.0,11175000000.0,11175000000.0,None
2015-11-10,'601339,百隆东方,7.32,7.39,7.22,7.28,7.32,0.0,0.0,0.9576,14363615,104997880.0,10980000000.0,10980000000.0,None
2015-11-09,'601339,百隆东方,7.32,7.37,7.17,7.3,7.4,-0.08,-1.0811,1.323,19845494,144511551.0,10980000000.0,10980000000.0,None
2015-11-06,'601339,百隆东方,7.4,7.47,7.28,7.31,7.31,0.09,1.2312,1.8041,27061656,199313746.0,11100000000.0,11100000000.0,None
2015-11-05,'601339,百隆东方,7.31,7.47,7.19,7.39,7.3,0.01,0.137,1.7886,26828518,196047954.0,10965000000.0,10965000000.0,None
2015-11-04,'601339,百隆东方,7.3,7.33,6.9,6.91,6.94,0.36,5.1873,1.373,20595587,147167221.0,10950000000.0,10950000000.0,None
2015-11-03,'601339,百隆东方,6.94,7.05,6.72,6.95,6.98,-0.04,-0.5731,1.0409,15613903,107041107.0,10410000000.0,10410000000.0,None
2015-11-02,'601339,百隆东方,6.98,7.32,6.95,7.2,7.35,-0.37,-5.034,1.5223,22835031,162819697.0,10470000000.0,10470000000.0,None
2015-10-30,'601339,百隆东方,7.35,7.63,7.04,7.1,6.99,0.36,5.1502,2.0605,30907523,227473174.0,11025000000.0,11025000000.0,None
2015-10-29,'601339,百隆东方,6.99,7.1,6.9,7.05,7.0,-0.01,-0.1429,0.5511,8266588,57846299.0,10485000000.0,10485000000.0,None
2015-10-28,'601339,百隆东方,7.0,7.25,6.93,7.25,7.29,-0.29,-3.9781,0.9062,13592699,96231320.0,10500000000.0,10500000000.0,None
2015-10-27,'601339,百隆东方,7.29,7.36,6.61,6.88,6.94,0.35,5.0432,1.3704,20556404,144133811.0,10935000000.0,10935000000.0,None
2015-10-26,'601339,百隆东方,6.94,6.98,6.77,6.85,6.8,0.14,2.0588,0.9295,13941923,95695173.0,10410000000.0,10410000000.0,None
2015-10-23,'601339,百隆东方,6.8,6.85,6.58,6.63,6.61,0.19,2.8744,0.8666,12998272,87255313.0,10200000000.0,10200000000.0,None
2015-10-22,'601339,百隆东方,6.61,6.67,6.41,6.42,6.44,0.17,2.6398,0.7702,11553699,75614876.0,9915000000.0,9915000000.0,None
2015-10-21,'601339,百隆东方,6.44,7.08,6.4,7.07,7.1,-0.66,-9.2958,1.3913,20869011,141451618.0,9660000000.0,9660000000.0,None
2015-10-20,'601339,百隆东方,7.1,7.19,6.99,7.02,7.17,-0.07,-0.9763,1.255,18825186,133119751.0,10650000000.0,10650000000.0,None
2015-10-19,'601339,百隆东方,7.17,7.23,7.0,7.08,7.15,0.02,0.2797,1.2919,19378358,137409875.0,10755000000.0,10755000000.0,None
2015-10-16,'601339,百隆东方,7.15,7.29,6.65,6.8,6.73,0.42,6.2407,1.9331,28997136,201141835.0,10725000000.0,10725000000.0,None
2015-10-15,'601339,百隆东方,6.73,6.74,6.36,6.36,6.44,0.29,4.5031,1.1028,16541280,110015590.0,10095000000.0,10095000000.0,None
2015-10-14,'601339,百隆东方,6.44,6.65,6.41,6.58,6.65,-0.21,-3.1579,0.8054,12081171,79060088.0,9660000000.0,9660000000.0,None
2015-10-13,'601339,百隆东方,6.65,6.67,6.52,6.6,6.67,-0.02,-0.2999,0.9576,14363822,94838613.0,9975000000.0,9975000000.0,None
2015-10-12,'601339,百隆东方,6.67,6.77,6.3,6.35,6.42,0.25,3.8941,1.5914,23870265,156869359.0,10005000000.0,10005000000.0,None
2015-10-09,'601339,百隆东方,6.42,6.72,6.37,6.66,6.4,0.02,0.3125,1.8137,27204825,177753933.0,9630000000.0,9630000000.0,None
2015-10-08,'601339,百隆东方,6.4,6.4,6.13,6.31,5.82,0.58,9.9656,1.1462,17192894,108063506.0,9600000000.0,9600000000.0,None
2015-09-30,'601339,百隆东方,5.82,5.83,5.74,5.74,5.72,0.1,1.7483,0.3454,5180709,29984001.0,8730000000.0,8730000000.0,None
2015-09-29,'601339,百隆东方,5.72,5.8,5.7,5.75,5.84,-0.12,-2.0548,0.3263,4894110,28147390.0,8580000000.0,8580000000.0,None
2015-09-28,'601339,百隆东方,5.84,5.86,5.73,5.8,5.78,0.06,1.0381,0.2751,4125828,23942636.0,8760000000.0,8760000000.0,None
2015-09-25,'601339,百隆东方,5.78,5.94,5.73,5.92,5.93,-0.15,-2.5295,0.4693,7039826,40945050.0,8670000000.0,8670000000.0,None
2015-09-24,'601339,百隆东方,5.93,5.98,5.87,5.87,5.88,0.05,0.8503,0.4023,6034662,35695736.0,8895000000.0,8895000000.0,None
2015-09-23,'601339,百隆东方,5.88,5.98,5.85,5.97,6.05,-0.17,-2.8099,0.5991,8986048,53153281.0,8820000000.0,8820000000.0,None
2015-09-22,'601339,百隆东方,6.05,6.12,5.95,6.09,5.98,0.07,1.1706,0.8207,12310350,74374741.0,9075000000.0,9075000000.0,None
2015-09-21,'601339,百隆东方,5.98,5.99,5.72,5.78,5.82,0.16,2.7491,0.5829,8743104,51577172.0,8970000000.0,8970000000.0,None
2015-09-18,'601339,百隆东方,5.82,5.88,5.76,5.83,5.78,0.04,0.692,0.3681,5521160,32109914.0,8730000000.0,8730000000.0,None
2015-09-17,'601339,百隆东方,5.78,6.09,5.77,6.0,6.05,-0.27,-4.4628,0.8882,13323527,79378072.0,8670000000.0,8670000000.0,None
2015-09-16,'601339,百隆东方,6.05,6.11,5.58,5.6,5.55,0.5,9.009,0.8026,12038352,69871389.0,9075000000.0,9075000000.0,None
2015-09-15,'601339,百隆东方,5.55,5.87,5.51,5.82,5.88,-0.33,-5.6122,0.6939,10408809,59391845.0,8325000000.0,8325000000.0,None
2015-09-14,'601339,百隆东方,5.88,6.48,5.85,6.48,6.41,-0.53,-8.2683,0.7451,11176820,68293375.0,8820000000.0,8820000000.0,None
2015-09-11,'601339,百隆东方,6.41,6.53,6.31,6.43,6.47,-0.06,-0.9274,0.5235,7852792,50475787.0,9615000000.0,9615000000.0,None
2015-09-10,'601339,百隆东方,6.47,6.6,6.44,6.57,6.67,-0.2,-2.9985,0.6442,9662978,63024868.0,9705000000.0,9705000000.0,None
2015-09-09,'601339,百隆东方,6.67,6.74,6.49,6.49,6.49,0.18,2.7735,1.2615,18922070,125298354.0,10005000000.0,10005000000.0,None
2015-09-08,'601339,百隆东方,6.49,6.5,6.09,6.16,6.19,0.3,4.8465,0.6528,9792378,61847035.0,9735000000.0,9735000000.0,None
2015-09-07,'601339,百隆东方,6.19,6.65,6.1,6.28,6.07,0.12,1.9769,0.8132,12198502,77433476.0,9285000000.0,9285000000.0,None
2015-09-02,'601339,百隆东方,6.07,6.47,5.73,5.9,6.28,-0.21,-3.3439,0.9603,14404216,88915561.0,9105000000.0,9105000000.0,None
2015-09-01,'601339,百隆东方,6.28,6.6,6.1,6.6,6.59,-0.31,-4.7041,0.9905,14856965,94826793.0,9420000000.0,9420000000.0,None
2015-08-31,'601339,百隆东方,6.59,6.82,6.41,6.77,6.84,-0.25,-3.655,1.4274,21411729,141669724.0,9885000000.0,9885000000.0,None
2015-08-28,'601339,百隆东方,6.84,6.89,6.4,6.5,6.43,0.41,6.3764,1.4742,22113300,145920059.0,10260000000.0,10260000000.0,None
2015-08-27,'601339,百隆东方,6.43,6.45,6.0,6.14,5.95,0.48,8.0672,1.3143,19714216,121966189.0,9645000000.0,9645000000.0,None
2015-08-26,'601339,百隆东方,5.95,6.27,5.68,6.07,5.88,0.07,1.1905,1.6555,24832820,150170370.0,8925000000.0,8925000000.0,None
2015-08-25,'601339,百隆东方,5.88,6.45,5.88,5.9,6.53,-0.65,-9.9541,1.5445,23167475,139862356.0,8820000000.0,8820000000.0,None
2015-08-24,'601339,百隆东方,6.53,7.0,6.53,6.95,7.26,-0.73,-10.0551,1.2049,18073692,119994275.0,9795000000.0,9795000000.0,None
2015-08-21,'601339,百隆东方,7.26,7.76,7.13,7.51,7.82,-0.56,-7.1611,1.6181,24271475,180552166.0,10890000000.0,10890000000.0,None
2015-08-20,'601339,百隆东方,7.82,8.27,7.8,8.1,8.28,-0.46,-5.5556,1.2279,18419224,147539551.0,11730000000.0,11730000000.0,None
2015-08-19,'601339,百隆东方,8.28,8.46,7.47,7.85,8.27,0.01,0.1209,2.0443,30664233,243307417.0,12420000000.0,12420000000.0,None
2015-08-18,'601339,百隆东方,8.27,9.15,8.27,9.15,9.19,-0.92,-10.0109,2.6606,39908543,346506717.0,12405000000.0,12405000000.0,None
2015-08-17,'601339,百隆东方,9.19,9.3,8.45,8.67,8.83,0.36,4.077,2.2869,34304065,301307848.0,13785000000.0,13785000000.0,None
2015-08-14,'601339,百隆东方,8.83,9.1,8.69,8.86,8.94,-0.11,-1.2304,2.3509,35263690,312089340.0,13245000000.0,13245000000.0,None
2015-08-13,'601339,百隆东方,8.94,8.99,8.64,8.94,9.09,-0.15,-1.6502,3.1805,47707324,421269763.0,13410000000.0,13410000000.0,None
2015-08-12,'601339,百隆东方,9.09,9.18,8.36,8.48,8.46,0.63,7.4468,5.4321,81481278,722350362.0,13635000000.0,13635000000.0,None
2015-08-11,'601339,百隆东方,8.46,8.46,7.58,7.69,7.69,0.77,10.013,4.4772,67158535,546968683.0,12690000000.0,12690000000.0,None
2015-08-10,'601339,百隆东方,7.69,7.76,7.31,7.37,7.3,0.39,5.3425,1.8524,27785509,209350760.0,11535000000.0,11535000000.0,None
2015-08-07,'601339,百隆东方,7.3,7.34,7.08,7.08,7.06,0.24,3.3994,1.0929,16393844,118900689.0,10950000000.0,10950000000.0,None
2015-08-06,'601339,百隆东方,7.06,7.2,6.97,7.02,7.18,-0.12,-1.6713,0.688,10320422,73207654.0,10590000000.0,10590000000.0,None
2015-08-05,'601339,百隆东方,7.18,7.47,7.14,7.38,7.39,-0.21,-2.8417,1.2005,18008177,131520834.0,10770000000.0,10770000000.0,None
2015-08-04,'601339,百隆东方,7.39,7.4,6.9,6.94,6.88,0.51,7.4128,1.1684,17526510,125300864.0,11085000000.0,11085000000.0,None
2015-08-03,'601339,百隆东方,6.88,7.3,6.78,7.3,7.33,-0.45,-6.1392,1.0743,16114086,113149952.0,10320000000.0,10320000000.0,None
2015-07-31,'601339,百隆东方,7.33,7.57,7.12,7.2,7.39,-0.06,-0.8119,1.1803,17704339,130540653.0,10995000000.0,10995000000.0,None
2015-07-30,'601339,百隆东方,7.39,7.74,7.28,7.42,7.52,-0.13,-1.7287,1.6825,25238140,191277387.0,11085000000.0,11085000000.0,None
2015-07-29,'601339,百隆东方,7.52,7.58,6.97,7.28,7.16,0.36,5.0279,1.4784,22175965,160711742.0,11280000000.0,11280000000.0,None
2015-07-28,'601339,百隆东方,7.16,7.49,6.6,6.98,7.17,-0.01,-0.1395,1.9306,28958923,204038293.0,10740000000.0,10740000000.0,None
2015-07-27,'601339,百隆东方,7.17,8.07,7.09,7.78,7.87,-0.7,-8.8945,2.2191,33286231,255938658.0,10755000000.0,10755000000.0,None
2015-07-24,'601339,百隆东方,7.87,8.38,7.77,8.29,8.21,-0.34,-4.1413,2.4654,36981018,301291519.0,11805000000.0,11805000000.0,None
2015-07-23,'601339,百隆东方,8.21,8.35,7.66,7.74,7.76,0.45,5.799,2.3794,35691586,284724967.0,12315000000.0,12315000000.0,None
2015-07-22,'601339,百隆东方,7.76,7.93,7.52,7.83,7.84,-0.08,-1.0204,1.6207,24309998,188554144.0,11640000000.0,11640000000.0,None
2015-07-21,'601339,百隆东方,7.84,7.95,7.5,7.68,7.78,0.06,0.7712,1.8206,27308946,211806221.0,11760000000.0,11760000000.0,None
2015-07-20,'601339,百隆东方,7.78,7.98,7.4,7.62,7.63,0.15,1.9659,2.3705,35557116,275096900.0,11670000000.0,11670000000.0,None
2015-07-17,'601339,百隆东方,7.63,7.7,7.07,7.16,7.06,0.57,8.0737,2.1113,31669787,236508000.0,11445000000.0,11445000000.0,None
2015-07-16,'601339,百隆东方,7.06,7.2,6.27,6.37,6.82,0.24,3.5191,2.1057,31585265,217452287.0,10590000000.0,10590000000.0,None
2015-07-15,'601339,百隆东方,6.82,7.8,6.82,7.8,7.58,-0.76,-10.0264,3.7472,56207674,403121944.0,10230000000.0,10230000000.0,None
2015-07-14,'601339,百隆东方,7.58,7.58,7.18,7.58,6.89,0.69,10.0145,2.5463,38194050,288412455.0,11370000000.0,11370000000.0,None
2015-07-13,'601339,百隆东方,6.89,6.89,6.89,6.89,6.26,0.63,10.0639,0.2455,3682416,25371846.0,10335000000.0,10335000000.0,None
2015-07-10,'601339,百隆东方,6.26,6.26,6.01,6.26,5.69,0.57,10.0176,0.7638,11457676,71365102.0,9390000000.0,9390000000.0,None
2015-07-09,'601339,百隆东方,5.69,5.69,5.19,5.2,5.17,0.52,10.058,2.3795,35692021,198529026.0,8535000000.0,8535000000.0,None
2015-07-08,'601339,百隆东方,5.17,5.34,5.17,5.17,5.74,-0.57,-9.9303,2.3684,35526608,184270605.0,7755000000.0,7755000000.0,None
2015-07-07,'601339,百隆东方,5.74,6.17,5.74,6.17,6.38,-0.64,-10.0313,1.6539,24808864,145163471.0,8610000000.0,8610000000.0,None
2015-07-06,'601339,百隆东方,6.38,7.76,6.37,7.76,7.07,-0.69,-9.7595,2.4737,37106131,255919405.0,9570000000.0,9570000000.0,None
2015-07-03,'601339,百隆东方,7.07,7.86,7.07,7.31,7.86,-0.79,-10.0509,1.8654,27980551,201258218.0,10605000000.0,10605000000.0,None
2015-07-02,'601339,百隆东方,7.86,8.49,7.86,8.15,8.73,-0.87,-9.9656,1.7605,26408062,210988015.0,11790000000.0,11790000000.0,None
2015-07-01,'601339,百隆东方,8.73,9.65,8.73,9.65,9.7,-0.97,-10.0,2.0277,30415925,280962974.0,13095000000.0,13095000000.0,None
2015-06-30,'601339,百隆东方,9.7,9.92,8.71,9.02,9.68,0.02,0.2066,2.493,37395724,345704609.0,14550000000.0,14550000000.0,None
2015-06-29,'601339,DR百隆东,9.68,11.25,9.68,10.98,10.75,-1.07,-9.9535,0.7778,11666575,117334424.0,14520000000.0,14520000000.0,None
2015-06-26,'601339,百隆东方,21.72,23.5,21.72,23.5,24.13,-2.41,-9.9876,1.4542,10906277,242537748.0,16290000000.0,16290000000.0,None
2015-06-25,'601339,百隆东方,24.13,26.6,23.81,26.48,26.45,-2.32,-8.7713,2.9043,21781911,540686657.0,18097500000.0,18097500000.0,None
2015-06-24,'601339,百隆东方,26.45,27.95,26.08,27.52,27.28,-0.83,-3.0425,2.7711,20783580,559835426.0,19837500000.0,19837500000.0,None
2015-06-23,'601339,百隆东方,27.28,27.37,24.2,26.7,26.42,0.86,3.2551,2.4413,18309760,482975474.0,20460000000.0,20460000000.0,None
2015-06-19,'601339,百隆东方,26.42,27.75,26.15,27.2,28.28,-1.86,-6.5771,2.7077,20307879,548396521.0,19815000000.0,19815000000.0,None
2015-06-18,'601339,百隆东方,28.28,29.55,27.48,28.0,28.18,0.1,0.3549,3.8442,28831217,824550045.0,21210000000.0,21210000000.0,None
2015-06-17,'601339,百隆东方,28.18,28.5,25.56,26.3,26.77,1.41,5.2671,3.5908,26930711,731260058.0,21135000000.0,21135000000.0,None
2015-06-16,'601339,百隆东方,26.77,26.99,25.3,26.17,26.64,0.13,0.488,2.8468,21351164,561886445.0,20077500000.0,20077500000.0,None
2015-06-15,'601339,百隆东方,26.64,27.45,26.01,26.94,26.99,-0.35,-1.2968,2.6706,20029683,537625720.0,19980000000.0,19980000000.0,None
2015-06-12,'601339,百隆东方,26.99,27.8,25.64,25.72,25.61,1.38,5.3885,3.6387,27290126,729426269.0,20242500000.0,20242500000.0,None
2015-06-11,'601339,百隆东方,25.61,26.0,24.24,24.7,24.7,0.91,3.6842,10.3052,19785910,494079810.0,19207500000.0,4917120000.0,None
2015-06-10,'601339,百隆东方,24.7,24.98,23.8,24.0,24.24,0.46,1.8977,6.6301,12729725,313432763.0,18525000000.0,4742400000.0,None
2015-06-09,'601339,百隆东方,24.24,24.85,24.0,24.8,24.89,-0.65,-2.6115,7.5592,14513744,353175142.0,18180000000.0,4654080000.0,None
2015-06-08,'601339,百隆东方,24.89,25.7,24.61,25.7,25.86,-0.97,-3.751,11.1014,21314772,533071988.0,18667500000.0,4778880000.0,None
2015-06-05,'601339,百隆东方,25.86,26.28,25.28,25.98,25.54,0.32,1.2529,10.3882,19945335,514918793.0,19395000000.0,4965120000.0,None
2015-06-04,'601339,百隆东方,25.54,26.25,23.63,26.02,26.26,-0.72,-2.7418,11.1593,21425863,536261500.0,19155000000.0,4903680000.0,None
2015-06-03,'601339,百隆东方,26.26,26.81,24.76,25.31,25.29,0.97,3.8355,12.9973,24954858,645395207.0,19695000000.0,5041920000.0,None
2015-06-02,'601339,百隆东方,25.29,25.35,23.81,24.1,24.16,1.13,4.6772,9.7035,18630717,455172533.0,18967500000.0,4855680000.0,None
2015-06-01,'601339,百隆东方,24.16,24.28,22.5,22.75,22.74,1.42,6.2445,8.6564,16620199,392826021.0,18120000000.0,4638720000.0,None
2015-05-29,'601339,百隆东方,22.74,23.42,21.4,23.0,22.88,-0.14,-0.6119,11.3591,21809427,494231507.0,17055000000.0,4366080000.0,None
2015-05-28,'601339,百隆东方,22.88,26.01,22.87,25.2,25.41,-2.53,-9.9567,14.3504,27552816,680151684.0,17160000000.0,4392960000.0,None
2015-05-27,'601339,百隆东方,25.41,26.35,24.68,25.8,25.4,0.01,0.0394,15.2932,29362974,753566069.0,19057500000.0,4878720000.0,None
2015-05-26,'601339,百隆东方,25.4,25.4,22.9,23.18,23.09,2.31,10.0043,14.6044,28040353,680169071.0,19050000000.0,4876800000.0,None
2015-05-25,'601339,百隆东方,23.09,23.33,21.65,21.9,22.14,0.95,4.2909,10.9187,20963985,477527477.0,17317500000.0,4433280000.0,None
2015-05-22,'601339,百隆东方,22.14,22.33,20.86,21.64,21.19,0.95,4.4832,12.1714,23369039,502889467.0,16605000000.0,4250880000.0,None
2015-05-21,'601339,百隆东方,21.19,21.2,20.31,20.31,20.28,0.91,4.4872,8.503,16325687,340272725.0,15892500000.0,4068480000.0,None
2015-05-20,'601339,百隆东方,20.28,21.28,20.06,20.38,20.28,0.0,0.0,9.2751,17808100,368427349.0,15210000000.0,3893760000.0,None
2015-05-19,'601339,百隆东方,20.28,20.35,19.31,19.31,19.28,1.0,5.1867,8.3899,16108626,322684101.0,15210000000.0,3893760000.0,None
2015-05-18,'601339,百隆东方,19.28,19.3,18.71,18.88,18.92,0.36,1.9027,4.1573,7981997,152513230.0,14460000000.0,3701760000.0,None
2015-05-15,'601339,百隆东方,18.92,19.76,18.8,19.74,19.74,-0.82,-4.154,5.3711,10312522,197505977.0,14190000000.0,3632640000.0,None
2015-05-14,'601339,百隆东方,19.74,20.09,19.51,19.97,20.09,-0.35,-1.7422,4.873,9356209,184711969.0,14805000000.0,3790080000.0,None
2015-05-13,'601339,百隆东方,20.09,20.49,18.97,19.3,19.19,0.9,4.6899,9.6794,18584382,369202678.0,15067500000.0,3857280000.0,None
2015-05-12,'601339,百隆东方,19.19,19.2,18.75,19.0,18.94,0.25,1.32,5.5704,10695088,203172749.0,14392500000.0,3684480000.0,None
2015-05-11,'601339,百隆东方,18.94,18.95,18.3,18.3,18.0,0.94,5.2222,4.5039,8647484,161562924.0,14205000000.0,3636480000.0,None
2015-05-08,'601339,百隆东方,18.0,18.0,17.55,17.6,17.29,0.71,4.1064,3.7248,7151585,127109175.0,13500000000.0,3456000000.0,None
2015-05-07,'601339,百隆东方,17.29,18.16,17.16,18.15,18.15,-0.86,-4.7383,3.6816,7068632,123687322.0,12967500000.0,3319680000.0,None
2015-05-06,'601339,百隆东方,18.15,18.99,18.03,18.65,18.71,-0.56,-2.9931,3.6146,6940121,129242173.0,13612500000.0,3484800000.0,None
2015-05-05,'601339,百隆东方,18.71,19.08,18.65,18.96,18.94,-0.23,-1.2144,4.348,8348073,157820019.0,14032500000.0,3592320000.0,None
2015-05-04,'601339,百隆东方,18.94,19.06,18.72,18.86,18.9,0.04,0.2116,2.9167,5600102,105831780.0,14205000000.0,3636480000.0,None
2015-04-30,'601339,百隆东方,18.9,19.24,18.81,19.13,19.12,-0.22,-1.1506,3.2839,6305148,119538583.0,14175000000.0,3628800000.0,None
2015-04-29,'601339,百隆东方,19.12,19.22,18.51,18.56,18.88,0.24,1.2712,3.6586,7024419,133243003.0,14340000000.0,3671040000.0,None
2015-04-28,'601339,百隆东方,18.88,19.66,18.74,19.5,19.49,-0.61,-3.1298,5.9168,11360307,216295522.0,14160000000.0,3624960000.0,None
2015-04-27,'601339,百隆东方,19.49,19.93,19.21,19.21,19.1,0.39,2.0419,5.9327,11390717,222611562.0,14617500000.0,3742080000.0,None
2015-04-24,'601339,百隆东方,19.1,19.29,18.75,19.08,19.46,-0.36,-1.8499,6.1412,11791196,224121745.0,14325000000.0,3667200000.0,None
2015-04-23,'601339,百隆东方,19.46,19.75,19.15,19.75,19.75,-0.29,-1.4684,5.9594,11441985,222412408.0,14595000000.0,3736320000.0,None
2015-04-22,'601339,百隆东方,19.75,20.16,19.4,19.4,19.15,0.6,3.1332,6.697,12858302,254387310.0,14812500000.0,3792000000.0,None
2015-04-21,'601339,百隆东方,19.15,19.17,18.05,18.08,18.18,0.97,5.3355,5.77,11078358,208272776.0,14362500000.0,3676800000.0,None
2015-04-20,'601339,百隆东方,18.18,19.17,18.12,19.17,19.26,-1.08,-5.6075,8.344,16020562,300047616.0,13635000000.0,3490560000.0,None
2015-04-17,'601339,百隆东方,19.26,19.95,19.12,19.78,19.46,-0.2,-1.0277,7.6105,14612244,283460549.0,14445000000.0,3697920000.0,None
2015-04-16,'601339,百隆东方,19.46,19.98,18.41,18.75,19.43,0.03,0.1544,7.5527,14501195,279920777.0,14595000000.0,3736320000.0,None
2015-04-15,'601339,百隆东方,19.43,20.85,19.4,20.85,21.26,-1.83,-8.6077,10.2973,19770752,397604803.0,14572500000.0,3730560000.0,None
2015-04-14,'601339,百隆东方,21.26,21.88,21.1,21.78,22.13,-0.87,-3.9313,11.2403,21581409,462215631.0,15945000000.0,4081920000.0,None
2015-04-13,'601339,百隆东方,22.13,23.7,22.0,22.5,21.63,0.5,2.3116,18.4922,35505026,808710860.0,16597500000.0,4248960000.0,None
2015-04-10,'601339,百隆东方,21.63,21.63,19.5,19.6,19.66,1.97,10.0203,12.4714,23945124,497676587.0,16222500000.0,4152960000.0,None
2015-04-09,'601339,百隆东方,19.66,20.25,18.9,20.19,20.29,-0.63,-3.105,9.7417,18703978,366177124.0,14745000000.0,3774720000.0,None
2015-04-08,'601339,百隆东方,20.29,20.78,19.72,20.56,20.15,0.14,0.6948,11.5652,22205117,449835242.0,15217500000.0,3895680000.0,None
2015-04-07,'601339,百隆东方,20.15,20.2,18.85,18.85,18.59,1.56,8.3916,9.2773,17812321,346086647.0,15112500000.0,3868800000.0,None
2015-04-03,'601339,百隆东方,18.59,18.88,17.22,17.38,17.4,1.19,6.8391,7.7412,14863075,272864919.0,13942500000.0,3569280000.0,None
2015-04-02,'601339,百隆东方,17.4,17.43,17.01,17.29,17.09,0.31,1.8139,6.7334,12928144,222750725.0,13050000000.0,3340800000.0,None
2015-04-01,'601339,百隆东方,17.09,17.26,16.55,16.6,16.54,0.55,3.3253,7.0448,13525961,229493120.0,12817500000.0,3281280000.0,None
2015-03-31,'601339,百隆东方,16.54,16.9,16.53,16.89,16.79,-0.25,-1.489,5.8021,11139999,186238964.0,12405000000.0,3175680000.0,None
2015-03-30,'601339,百隆东方,16.79,17.02,16.62,16.92,16.79,0.0,0.0,6.0086,11536467,193669395.0,12592500000.0,3223680000.0,None
2015-03-27,'601339,百隆东方,16.79,16.9,16.5,16.71,16.72,0.07,0.4187,6.087,11687002,194988919.0,12592500000.0,3223680000.0,None
2015-03-26,'601339,百隆东方,16.72,17.68,16.4,16.7,16.86,-0.14,-0.8304,10.2066,19596603,332842198.0,12540000000.0,3210240000.0,None
2015-03-25,'601339,百隆东方,16.86,17.38,15.47,15.8,15.85,1.01,6.3722,10.6904,20525500,332933685.0,12645000000.0,3237120000.0,None
2015-03-24,'601339,百隆东方,15.85,16.12,15.0,15.99,15.97,-0.12,-0.7514,11.012,21142991,330642796.0,11887500000.0,3043200000.0,None
2015-03-23,'601339,百隆东方,15.97,16.26,15.2,15.2,14.99,0.98,6.5377,9.9309,19067255,299435588.0,11977500000.0,3066240000.0,None
2015-03-20,'601339,百隆东方,14.99,15.08,14.13,14.28,14.25,0.74,5.193,9.4415,18127694,264788038.0,11242500000.0,2878080000.0,None
2015-03-19,'601339,百隆东方,14.25,14.3,13.95,14.11,14.14,0.11,0.7779,6.8391,13131134,185726669.0,10687500000.0,2736000000.0,None
2015-03-18,'601339,百隆东方,14.14,14.19,13.84,13.89,13.93,0.21,1.5075,6.2052,11914072,168007680.0,10605000000.0,2714880000.0,None
2015-03-17,'601339,百隆东方,13.93,13.99,13.55,13.72,13.63,0.3,2.201,8.4829,16287160,225107030.0,10447500000.0,2674560000.0,None
2015-03-16,'601339,百隆东方,13.63,13.77,13.18,13.18,12.95,0.68,5.251,6.9795,13400705,181650943.0,10222500000.0,2616960000.0,None
2015-03-13,'601339,百隆东方,12.95,12.96,12.84,12.84,12.79,0.16,1.251,2.7762,5330383,68799252.0,9712500000.0,2486400000.0,None
2015-03-12,'601339,百隆东方,12.79,12.99,12.62,12.82,12.8,-0.01,-0.0781,4.0302,7738066,98980614.0,9592500000.0,2455680000.0,None
2015-03-11,'601339,百隆东方,12.8,13.11,12.8,13.01,12.99,-0.19,-1.4627,5.2213,10024952,129813585.0,9600000000.0,2457600000.0,None
2015-03-10,'601339,百隆东方,12.99,13.28,12.68,12.81,12.84,0.15,1.1682,6.4148,12316394,161269236.0,9742500000.0,2494080000.0,None
2015-03-09,'601339,百隆东方,12.84,12.86,12.36,12.54,12.57,0.27,2.148,5.1565,9900535,125354519.0,9630000000.0,2465280000.0,None
2015-03-06,'601339,百隆东方,12.57,12.92,12.54,12.63,12.7,-0.13,-1.0236,7.0857,13604491,172708399.0,9427500000.0,2413440000.0,None
2015-03-05,'601339,百隆东方,12.7,12.71,12.21,12.3,12.24,0.46,3.7582,9.483,18207363,226885463.0,9525000000.0,2438400000.0,None
2015-03-04,'601339,百隆东方,12.24,12.27,12.07,12.07,12.05,0.19,1.5768,4.5128,8664640,105725925.0,9180000000.0,2350080000.0,None
2015-03-03,'601339,百隆东方,12.05,12.28,12.0,12.28,12.32,-0.27,-2.1916,5.7979,11131886,135433182.0,9037500000.0,2313600000.0,None
2015-03-02,'601339,百隆东方,12.32,12.39,12.22,12.34,12.29,0.03,0.2441,5.1283,9846319,121191414.0,9240000000.0,2365440000.0,None
2015-02-27,'601339,百隆东方,12.29,12.37,12.1,12.12,12.09,0.2,1.6543,5.627,10803921,132751294.0,9217500000.0,2359680000.0,None
2015-02-26,'601339,百隆东方,12.09,12.09,11.93,11.94,11.94,0.15,1.2563,2.6647,5116268,61474288.0,9067500000.0,2321280000.0,None
2015-02-25,'601339,百隆东方,11.94,12.1,11.9,12.08,12.07,-0.13,-1.0771,2.7394,5259642,63216690.0,8955000000.0,2292480000.0,None
2015-02-17,'601339,百隆东方,12.07,12.07,11.95,12.0,12.01,0.06,0.4996,3.0422,5841001,70169329.0,9052500000.0,2317440000.0,None
2015-02-16,'601339,百隆东方,12.01,12.08,11.86,11.96,11.92,0.09,0.755,3.0923,5937258,71151233.0,9007500000.0,2305920000.0,None
2015-02-13,'601339,百隆东方,11.92,12.07,11.81,11.88,11.71,0.21,1.7933,5.0556,9706814,116149309.0,8940000000.0,2288640000.0,None
2015-02-12,'601339,百隆东方,11.71,11.72,11.5,11.5,11.49,0.22,1.9147,2.1012,4034382,46737305.0,8782500000.0,2248320000.0,None
2015-02-11,'601339,百隆东方,11.49,11.54,11.42,11.45,11.4,0.09,0.7895,2.0771,3987937,45777183.0,8617500000.0,2206080000.0,None
2015-02-10,'601339,百隆东方,11.4,11.46,11.26,11.26,11.26,0.14,1.2433,1.9779,3797639,43255840.0,8550000000.0,2188800000.0,None
2015-02-09,'601339,百隆东方,11.26,11.4,11.23,11.37,11.37,-0.11,-0.9675,2.3039,4423550,50011394.0,8445000000.0,2161920000.0,None
2015-02-06,'601339,百隆东方,11.37,11.72,11.32,11.63,11.63,-0.26,-2.2356,3.2225,6187165,70994889.0,8527500000.0,2183040000.0,None
2015-02-05,'601339,百隆东方,11.63,12.01,11.62,12.01,11.86,-0.23,-1.9393,3.9719,7626031,89785946.0,8722500000.0,2232960000.0,None
2015-02-04,'601339,百隆东方,11.86,12.03,11.85,12.02,11.99,-0.13,-1.0842,2.8929,5554341,66239449.0,8895000000.0,2277120000.0,None
2015-02-03,'601339,百隆东方,11.99,12.07,11.77,11.98,11.93,0.06,0.5029,3.9179,7522345,89742786.0,8992500000.0,2302080000.0,None
2015-02-02,'601339,百隆东方,11.93,12.07,11.68,11.75,11.89,0.04,0.3364,4.3956,8439610,100286021.0,8947500000.0,2290560000.0,None
2015-01-30,'601339,百隆东方,11.89,12.22,11.88,12.16,12.15,-0.26,-2.1399,5.8721,11274338,135392554.0,8917500000.0,2282880000.0,None
2015-01-29,'601339,百隆东方,12.15,12.45,12.04,12.15,12.39,-0.24,-1.937,7.2949,14006134,170885916.0,9112500000.0,2332800000.0,None
2015-01-28,'601339,百隆东方,12.39,12.95,12.38,12.95,11.77,0.62,5.2676,19.1635,36793971,465963910.0,9292500000.0,2378880000.0,None
2015-01-27,'601339,百隆东方,11.77,11.85,11.36,11.36,11.34,0.43,3.7919,8.1284,15606522,181873182.0,8827500000.0,2259840000.0,None
2015-01-26,'601339,百隆东方,11.34,11.4,10.95,10.96,10.95,0.39,3.5616,4.5606,8756274,98031289.0,8505000000.0,2177280000.0,None
2015-01-23,'601339,百隆东方,10.95,11.16,10.85,11.16,11.15,-0.2,-1.7937,3.1083,5967901,65608048.0,8212500000.0,2102400000.0,None
2015-01-22,'601339,百隆东方,11.15,11.24,10.68,10.73,10.72,0.43,4.0112,5.6936,10931689,120455861.0,8362500000.0,2140800000.0,None
2015-01-21,'601339,百隆东方,10.72,10.74,10.45,10.48,10.48,0.24,2.2901,3.6097,6930564,73881434.0,8040000000.0,2058240000.0,None
2015-01-20,'601339,百隆东方,10.48,10.48,10.16,10.22,10.11,0.37,3.6597,3.0567,5868891,60880773.0,7860000000.0,2012160000.0,None
2015-01-19,'601339,百隆东方,10.11,10.7,10.04,10.51,10.74,-0.63,-5.8659,3.4992,6718411,69792450.0,7582500000.0,1941120000.0,None
2015-01-16,'601339,百隆东方,10.74,10.86,10.59,10.65,10.63,0.11,1.0348,2.3758,4561613,48970505.0,8055000000.0,2062080000.0,None
2015-01-15,'601339,百隆东方,10.63,10.72,10.41,10.43,10.43,0.2,1.9175,1.5746,3023225,32042897.0,7972500000.0,2040960000.0,None
2015-01-14,'601339,百隆东方,10.43,10.61,10.38,10.59,10.63,-0.2,-1.8815,1.4555,2794505,29326546.0,7822500000.0,2002560000.0,None
2015-01-13,'601339,百隆东方,10.63,10.66,10.36,10.45,10.42,0.21,2.0154,2.6875,5159916,54302381.0,7972500000.0,2040960000.0,None
2015-01-12,'601339,百隆东方,10.42,10.51,10.32,10.45,10.54,-0.12,-1.1385,1.925,3696081,38463806.0,7815000000.0,2000640000.0,None
2015-01-09,'601339,百隆东方,10.54,10.79,10.48,10.69,10.68,-0.14,-1.3109,2.287,4391072,46971685.0,7905000000.0,2023680000.0,None
2015-01-08,'601339,百隆东方,10.68,11.05,10.65,11.05,11.02,-0.34,-3.0853,3.1491,6046263,65152585.0,8010000000.0,2050560000.0,None
2015-01-07,'601339,百隆东方,11.02,11.15,10.89,11.13,11.12,-0.1,-0.8993,2.5919,4976465,54813611.0,8265000000.0,2115840000.0,None
2015-01-06,'601339,百隆东方,11.12,11.15,10.85,10.98,11.05,0.07,0.6335,3.1919,6128409,67367885.0,8340000000.0,2135040000.0,None
2015-01-05,'601339,百隆东方,11.05,11.1,10.7,10.7,10.6,0.45,4.2453,4.9971,9594492,105064005.0,8287500000.0,2121600000.0,None
2014-12-31,'601339,百隆东方,10.6,10.65,10.44,10.52,10.51,0.09,0.8563,1.2555,2410609,25421461.0,7950000000.0,2035200000.0,None
2014-12-30,'601339,百隆东方,10.51,10.82,10.48,10.73,10.78,-0.27,-2.5046,1.6148,3100489,32945450.0,7882500000.0,2017920000.0,None
2014-12-29,'601339,百隆东方,10.78,10.91,10.68,10.8,10.91,-0.13,-1.1916,2.1067,4044939,43651202.0,8085000000.0,2069760000.0,None
2014-12-26,'601339,百隆东方,10.91,10.98,10.76,10.77,10.76,0.15,1.3941,2.7363,5253753,56995987.0,8182500000.0,2094720000.0,None
2014-12-25,'601339,百隆东方,10.76,10.79,10.56,10.56,10.55,0.21,1.9905,2.0717,3977586,42569492.0,8070000000.0,2065920000.0,None
2014-12-24,'601339,百隆东方,10.55,10.67,10.4,10.41,10.39,0.16,1.5399,3.405,6537609,68807546.0,7912500000.0,2025600000.0,None
2014-12-23,'601339,百隆东方,10.39,10.75,10.34,10.55,10.55,-0.16,-1.5166,1.6694,3205201,33841908.0,7792500000.0,1994880000.0,None
2014-12-22,'601339,百隆东方,10.55,10.96,10.16,10.84,10.9,-0.35,-3.211,4.3061,8267652,86952839.0,7912500000.0,2025600000.0,None
2014-12-19,'601339,百隆东方,10.9,11.19,10.69,11.15,11.2,-0.3,-2.6786,3.3484,6428957,70090820.0,8175000000.0,2092800000.0,None
2014-12-18,'601339,百隆东方,11.2,11.37,11.05,11.18,11.2,0.0,0.0,2.9586,5680551,63857824.0,8400000000.0,2150400000.0,None
2014-12-17,'601339,百隆东方,11.2,11.4,11.04,11.39,11.36,-0.16,-1.4085,2.8013,5378537,60637604.0,8400000000.0,2150400000.0,None
2014-12-16,'601339,百隆东方,11.36,11.47,11.24,11.43,11.42,-0.06,-0.5254,3.0476,5851483,66274594.0,8520000000.0,2181120000.0,None
2014-12-15,'601339,百隆东方,11.42,11.52,11.28,11.39,11.33,0.09,0.7944,3.9921,7664755,87269819.0,8565000000.0,2192640000.0,None
2014-12-12,'601339,百隆东方,11.33,11.38,10.91,10.97,10.97,0.36,3.2817,3.7701,7238514,81315562.0,8497500000.0,2175360000.0,None
2014-12-11,'601339,百隆东方,10.97,11.1,10.74,10.9,10.97,0.0,0.0,2.6948,5173942,56518936.0,8227500000.0,2106240000.0,None
2014-12-10,'601339,百隆东方,10.97,11.02,10.49,10.55,10.56,0.41,3.8826,4.7049,9033496,97925926.0,8227500000.0,2106240000.0,None
2014-12-09,'601339,百隆东方,10.56,11.34,10.53,11.3,11.38,-0.82,-7.2056,6.3857,12260542,134143638.0,7920000000.0,2027520000.0,None
2014-12-08,'601339,百隆东方,11.38,11.58,11.22,11.25,11.36,0.02,0.1761,4.957,9517405,108770213.0,8535000000.0,2184960000.0,None
2014-12-05,'601339,百隆东方,11.36,11.75,11.11,11.75,11.81,-0.45,-3.8103,4.5231,8684265,99380003.0,8520000000.0,2181120000.0,None
2014-12-04,'601339,百隆东方,11.81,11.97,11.4,11.43,11.44,0.37,3.2343,4.5149,8668698,102169557.0,8857500000.0,2267520000.0,None
2014-12-03,'601339,百隆东方,11.44,11.45,11.12,11.26,11.27,0.17,1.5084,3.9972,7674582,86627208.0,8580000000.0,2196480000.0,None
2014-12-02,'601339,百隆东方,11.27,11.48,10.71,10.71,10.74,0.53,4.9348,4.9178,9442128,105342692.0,8452500000.0,2163840000.0,None
2014-12-01,'601339,百隆东方,10.74,11.15,10.62,10.95,10.96,-0.22,-2.0073,3.8369,7366907,80082430.0,8055000000.0,2062080000.0,None
2014-11-28,'601339,百隆东方,10.96,11.15,10.8,11.1,11.03,-0.07,-0.6346,4.1763,8018528,88055738.0,8220000000.0,2104320000.0,None
2014-11-27,'601339,百隆东方,11.03,11.07,10.8,10.92,10.86,0.17,1.5654,5.2797,10137108,110696596.0,8272500000.0,2117760000.0,None
2014-11-26,'601339,百隆东方,10.86,10.97,10.63,10.81,10.72,0.14,1.306,4.4487,8541539,91999709.0,8145000000.0,2085120000.0,None
2014-11-25,'601339,百隆东方,10.72,11.0,10.42,10.44,10.5,0.22,2.0952,6.8647,13180155,141359440.0,8040000000.0,2058240000.0,None
2014-11-24,'601339,百隆东方,10.5,10.66,9.96,10.05,10.01,0.49,4.8951,9.527,18291929,190442544.0,7875000000.0,2016000000.0,None
2014-11-21,'601339,百隆东方,10.01,10.02,9.66,9.66,9.68,0.33,3.4091,5.8345,11202303,110632923.0,7507500000.0,1921920000.0,None
2014-11-20,'601339,百隆东方,9.68,9.77,9.61,9.63,9.68,0.0,0.0,1.3578,2606949,25272464.0,7260000000.0,1858560000.0,None
2014-11-19,'601339,百隆东方,9.68,9.73,9.62,9.67,9.71,-0.03,-0.309,1.6013,3074499,29776486.0,7260000000.0,1858560000.0,None
2014-11-18,'601339,百隆东方,9.71,9.79,9.62,9.67,9.6,0.11,1.1458,2.6391,5067128,49222455.0,7282500000.0,1864320000.0,None
2014-11-17,'601339,百隆东方,9.6,9.67,9.47,9.52,9.52,0.08,0.8403,1.5351,2947472,28270581.0,7200000000.0,1843200000.0,None
2014-11-14,'601339,百隆东方,9.52,9.65,9.41,9.65,9.68,-0.16,-1.6529,2.079,3991711,37933329.0,7140000000.0,1827840000.0,None
2014-11-13,'601339,百隆东方,9.68,9.85,9.53,9.71,9.71,-0.03,-0.309,2.6466,5081459,49203829.0,7260000000.0,1858560000.0,None
2014-11-12,'601339,百隆东方,9.71,9.72,9.35,9.37,9.36,0.35,3.7393,2.9463,5656837,54202316.0,7282500000.0,1864320000.0,None
2014-11-11,'601339,百隆东方,9.36,9.67,9.32,9.65,9.64,-0.28,-2.9046,3.0477,5851651,55519448.0,7020000000.0,1797120000.0,None
2014-11-10,'601339,百隆东方,9.64,9.66,9.53,9.55,9.53,0.11,1.1542,2.4865,4774147,45835974.0,7230000000.0,1850880000.0,None
2014-11-07,'601339,百隆东方,9.53,9.8,9.52,9.74,9.73,-0.2,-2.0555,2.6545,5096606,49376210.0,7147500000.0,1829760000.0,None
2014-11-06,'601339,百隆东方,9.73,9.75,9.55,9.61,9.62,0.11,1.1435,3.1712,6088667,58927885.0,7297500000.0,1868160000.0,None
2014-11-05,'601339,百隆东方,9.62,9.63,9.47,9.53,9.53,0.09,0.9444,2.3119,4438801,42421164.0,7215000000.0,1847040000.0,None
2014-11-04,'601339,百隆东方,9.53,9.63,9.46,9.6,9.61,-0.08,-0.8325,2.388,4584996,43689725.0,7147500000.0,1829760000.0,None
2014-11-03,'601339,百隆东方,9.61,9.66,9.51,9.52,9.48,0.13,1.3713,3.6652,7037243,67507973.0,7207500000.0,1845120000.0,None
2014-10-31,'601339,百隆东方,9.48,9.49,9.35,9.46,9.45,0.03,0.3175,2.9375,5640016,53249126.0,7110000000.0,1820160000.0,None
2014-10-30,'601339,百隆东方,9.45,9.48,9.33,9.39,9.35,0.1,1.0695,3.1102,5971553,56178099.0,7087500000.0,1814400000.0,None
2014-10-29,'601339,百隆东方,9.35,9.43,9.3,9.37,9.32,0.03,0.3219,2.6926,5169699,48408198.0,7012500000.0,1795200000.0,None
2014-10-28,'601339,百隆东方,9.32,9.45,9.08,9.09,9.03,0.29,3.2115,2.2513,4322439,39975779.0,6990000000.0,1789440000.0,None
2014-10-27,'601339,百隆东方,9.03,9.1,8.98,9.04,9.04,-0.01,-0.1106,0.9661,1854966,16790533.0,6772500000.0,1733760000.0,None
2014-10-24,'601339,百隆东方,9.04,9.04,8.92,8.92,8.93,0.11,1.2318,1.114,2138956,19175998.0,6780000000.0,1735680000.0,None
2014-10-23,'601339,百隆东方,8.93,9.11,8.91,9.0,9.08,-0.15,-1.652,1.5014,2882753,25968615.0,6697500000.0,1714560000.0,None
2014-10-22,'601339,百隆东方,9.08,9.27,9.06,9.2,9.21,-0.13,-1.4115,0.9016,1731145,15883498.0,6810000000.0,1743360000.0,None
2014-10-21,'601339,百隆东方,9.21,9.37,9.2,9.24,9.25,-0.04,-0.4324,1.062,2039096,18904639.0,6907500000.0,1768320000.0,None
2014-10-20,'601339,百隆东方,9.25,9.25,9.1,9.18,9.14,0.11,1.2035,1.0601,2035477,18716589.0,6937500000.0,1776000000.0,None
2014-10-17,'601339,百隆东方,9.14,9.32,9.03,9.28,9.3,-0.16,-1.7204,2.1006,4033160,36914468.0,6855000000.0,1754880000.0,None
2014-10-16,'601339,百隆东方,9.3,9.54,9.24,9.29,9.3,0.0,0.0,3.5694,6853281,64441270.0,6975000000.0,1785600000.0,None
2014-10-15,'601339,百隆东方,9.3,9.3,9.19,9.21,9.21,0.09,0.9772,1.3499,2591885,23977300.0,6975000000.0,1785600000.0,None
2014-10-14,'601339,百隆东方,9.21,9.32,9.13,9.24,9.26,-0.05,-0.54,1.5345,2946334,27220892.0,6907500000.0,1768320000.0,None
2014-10-13,'601339,百隆东方,9.26,9.27,9.12,9.25,9.28,-0.02,-0.2155,1.4444,2773238,25496898.0,6945000000.0,1777920000.0,None
2014-10-10,'601339,百隆东方,9.28,9.4,9.24,9.37,9.41,-0.13,-1.3815,2.2245,4270957,39736015.0,6960000000.0,1781760000.0,None
2014-10-09,'601339,百隆东方,9.41,9.47,9.3,9.42,9.42,-0.01,-0.1062,2.3888,4586474,43101031.0,7057500000.0,1806720000.0,None
2014-10-08,'601339,百隆东方,9.42,9.45,9.36,9.39,9.39,0.03,0.3195,3.2061,6155786,57909682.0,7065000000.0,1808640000.0,None
2014-09-30,'601339,百隆东方,9.39,9.46,9.35,9.4,9.42,-0.03,-0.3185,2.0713,3976835,37324791.0,7042500000.0,1802880000.0,None
2014-09-29,'601339,百隆东方,9.42,9.47,9.32,9.32,9.35,0.07,0.7487,2.3155,4445774,41755600.0,7065000000.0,1808640000.0,None
2014-09-26,'601339,百隆东方,9.35,9.38,9.17,9.18,9.21,0.14,1.5201,2.2206,4263592,39691436.0,7012500000.0,1795200000.0,None
2014-09-25,'601339,百隆东方,9.21,9.36,9.19,9.25,9.26,-0.05,-0.54,2.0915,4015647,37215601.0,6907500000.0,1768320000.0,None
2014-09-24,'601339,百隆东方,9.26,9.28,9.08,9.13,9.11,0.15,1.6465,2.6706,5127484,47116984.0,6945000000.0,1777920000.0,None
2014-09-23,'601339,百隆东方,9.11,9.13,9.01,9.01,9.01,0.1,1.1099,1.4833,2847955,25887237.0,6832500000.0,1749120000.0,None
2014-09-22,'601339,百隆东方,9.01,9.2,9.0,9.2,9.2,-0.19,-2.0652,1.2384,2377754,21552101.0,6757500000.0,1729920000.0,None
2014-09-19,'601339,百隆东方,9.2,9.24,9.11,9.18,9.19,0.01,0.1088,1.4357,2756548,25316821.0,6900000000.0,1766400000.0,None
2014-09-18,'601339,百隆东方,9.19,9.19,9.06,9.08,9.13,0.06,0.6572,1.3201,2534511,23149003.0,6892500000.0,1764480000.0,None
2014-09-17,'601339,百隆东方,9.13,9.13,8.96,9.0,8.99,0.14,1.5573,1.6512,3170299,28687332.0,6847500000.0,1752960000.0,None
2014-09-16,'601339,百隆东方,8.99,9.27,8.91,9.23,9.25,-0.26,-2.8108,2.4876,4776104,43606966.0,6742500000.0,1726080000.0,None
2014-09-15,'601339,百隆东方,9.25,9.3,9.09,9.17,9.14,0.11,1.2035,2.2462,4312616,39665810.0,6937500000.0,1776000000.0,None
2014-09-12,'601339,百隆东方,9.14,9.15,9.01,9.06,9.08,0.06,0.6608,1.5917,3056098,27732744.0,6855000000.0,1754880000.0,None
2014-09-11,'601339,百隆东方,9.08,9.21,9.01,9.12,9.13,-0.05,-0.5476,2.3011,4418043,40308018.0,6810000000.0,1743360000.0,None
2014-09-10,'601339,百隆东方,9.13,9.17,9.04,9.09,9.11,0.02,0.2195,1.8164,3487537,31789109.0,6847500000.0,1752960000.0,None
2014-09-09,'601339,百隆东方,9.11,9.11,8.9,8.99,8.99,0.12,1.3348,2.1982,4220543,38164208.0,6832500000.0,1749120000.0,None
2014-09-05,'601339,百隆东方,8.99,9.04,8.94,9.03,8.98,0.01,0.1114,1.4022,2692287,24168678.0,6742500000.0,1726080000.0,None
2014-09-04,'601339,百隆东方,8.98,8.99,8.9,8.9,8.91,0.07,0.7856,1.6295,3128697,27979900.0,6735000000.0,1724160000.0,None
2014-09-03,'601339,百隆东方,8.91,8.99,8.85,8.89,8.88,0.03,0.3378,2.2477,4315593,38486233.0,6682500000.0,1710720000.0,None
2014-09-02,'601339,百隆东方,8.88,8.89,8.75,8.8,8.77,0.11,1.2543,1.8745,3599034,31775705.0,6660000000.0,1704960000.0,None
2014-09-01,'601339,百隆东方,8.77,8.78,8.57,8.61,8.57,0.2,2.3337,1.1665,2239694,19523983.0,6577500000.0,1683840000.0,None
2014-08-29,'601339,百隆东方,8.57,8.58,8.48,8.49,8.5,0.07,0.8235,0.741,1422661,12134872.0,6427500000.0,1645440000.0,None
2014-08-28,'601339,百隆东方,8.5,8.68,8.49,8.62,8.64,-0.14,-1.6204,0.9199,1766115,15142657.0,6375000000.0,1632000000.0,None
2014-08-27,'601339,百隆东方,8.64,8.68,8.61,8.64,8.65,-0.01,-0.1156,0.8362,1605522,13886379.0,6480000000.0,1658880000.0,None
2014-08-26,'601339,百隆东方,8.65,8.88,8.62,8.81,8.83,-0.18,-2.0385,1.4932,2866996,25024279.0,6487500000.0,1660800000.0,None
2014-08-25,'601339,百隆东方,8.83,8.92,8.77,8.8,8.79,0.04,0.4551,2.5789,4951540,43891623.0,6622500000.0,1695360000.0,None
2014-08-22,'601339,百隆东方,8.79,8.8,8.67,8.71,8.72,0.07,0.8028,1.3991,2686322,23443981.0,6592500000.0,1687680000.0,None
2014-08-21,'601339,百隆东方,8.72,8.82,8.6,8.76,8.77,-0.05,-0.5701,1.165,2236887,19487491.0,6540000000.0,1674240000.0,None
2014-08-20,'601339,百隆东方,8.77,8.83,8.74,8.78,8.79,-0.02,-0.2275,1.4623,2807689,24663954.0,6577500000.0,1683840000.0,None
2014-08-19,'601339,百隆东方,8.79,8.82,8.73,8.76,8.77,0.02,0.2281,1.6342,3137748,27545491.0,6592500000.0,1687680000.0,None
2014-08-18,'601339,百隆东方,8.77,8.78,8.63,8.66,8.66,0.11,1.2702,2.5136,4826152,42057109.0,6577500000.0,1683840000.0,None
2014-08-15,'601339,百隆东方,8.66,8.66,8.55,8.6,8.6,0.06,0.6977,1.1391,2187090,18858634.0,6495000000.0,1662720000.0,None
2014-08-14,'601339,百隆东方,8.6,8.66,8.57,8.6,8.62,-0.02,-0.232,1.0669,2048436,17648295.0,6450000000.0,1651200000.0,None
2014-08-13,'601339,百隆东方,8.62,8.67,8.54,8.61,8.63,-0.01,-0.1159,1.1648,2236393,19233349.0,6465000000.0,1655040000.0,None
2014-08-12,'601339,百隆东方,8.63,8.65,8.58,8.65,8.65,-0.02,-0.2312,0.8085,1552268,13365935.0,6472500000.0,1656960000.0,None
2014-08-11,'601339,百隆东方,8.65,8.65,8.56,8.56,8.55,0.1,1.1696,1.1279,2165490,18659942.0,6487500000.0,1660800000.0,None
2014-08-08,'601339,百隆东方,8.55,8.59,8.45,8.45,8.5,0.05,0.5882,0.6252,1200376,10235258.0,6412500000.0,1641600000.0,None
2014-08-07,'601339,百隆东方,8.5,8.64,8.49,8.63,8.63,-0.13,-1.5064,1.2477,2395626,20507519.0,6375000000.0,1632000000.0,None
2014-08-06,'601339,百隆东方,8.63,8.67,8.56,8.65,8.68,-0.05,-0.576,0.9891,1899006,16361542.0,6472500000.0,1656960000.0,None
2014-08-05,'601339,百隆东方,8.68,8.69,8.55,8.6,8.62,0.06,0.6961,1.1222,2154635,18570479.0,6510000000.0,1666560000.0,None
2014-08-04,'601339,百隆东方,8.62,8.63,8.43,8.43,8.45,0.17,2.0118,1.2562,2411953,20632976.0,6465000000.0,1655040000.0,None
2014-08-01,'601339,百隆东方,8.45,8.62,8.45,8.57,8.58,-0.13,-1.5152,1.134,2177272,18618516.0,6337500000.0,1622400000.0,None
2014-07-31,'601339,百隆东方,8.58,8.58,8.49,8.53,8.52,0.06,0.7042,0.8525,1636821,13996415.0,6435000000.0,1647360000.0,None
2014-07-30,'601339,百隆东方,8.52,8.59,8.46,8.48,8.51,0.01,0.1175,1.1331,2175608,18537831.0,6390000000.0,1635840000.0,None
2014-07-29,'601339,百隆东方,8.51,8.59,8.48,8.57,8.54,-0.03,-0.3513,1.4219,2730053,23294517.0,6382500000.0,1633920000.0,None
2014-07-28,'601339,百隆东方,8.54,8.55,8.42,8.46,8.42,0.12,1.4252,1.6729,3211971,27299652.0,6405000000.0,1639680000.0,None
2014-07-25,'601339,百隆东方,8.42,8.43,8.3,8.34,8.34,0.08,0.9592,0.9487,1821548,15225202.0,6315000000.0,1616640000.0,None
2014-07-24,'601339,百隆东方,8.34,8.35,8.25,8.26,8.27,0.07,0.8464,0.8784,1686543,14024116.0,6255000000.0,1601280000.0,None
2014-07-23,'601339,百隆东方,8.27,8.36,8.25,8.32,8.33,-0.06,-0.7203,0.6403,1229291,10199405.0,6202500000.0,1587840000.0,None
2014-07-22,'601339,百隆东方,8.33,8.34,8.25,8.27,8.27,0.06,0.7255,0.7107,1364621,11338363.0,6247500000.0,1599360000.0,None
2014-07-21,'601339,百隆东方,8.27,8.32,8.23,8.32,8.33,-0.06,-0.7203,0.5849,1122976,9275700.0,6202500000.0,1587840000.0,None
2014-07-18,'601339,百隆东方,8.33,8.37,8.26,8.28,8.31,0.02,0.2407,0.5961,1144463,9535351.0,6247500000.0,1599360000.0,None
2014-07-17,'601339,百隆东方,8.31,8.36,8.24,8.34,8.34,-0.03,-0.3597,0.7508,1441565,11940382.0,6232500000.0,1595520000.0,None
2014-07-16,'601339,百隆东方,8.34,8.41,8.25,8.36,8.4,-0.06,-0.7143,1.308,2511387,20904705.0,6255000000.0,1601280000.0,None
2014-07-15,'601339,百隆东方,8.4,8.59,8.31,8.31,8.21,0.19,2.3143,3.5129,6744759,57159238.0,6300000000.0,1612800000.0,None
2014-07-14,'601339,百隆东方,8.21,8.22,8.08,8.1,8.1,0.11,1.358,0.9472,1818551,14840646.0,6157500000.0,1576320000.0,None
2014-07-11,'601339,百隆东方,8.1,8.1,8.04,8.04,8.04,0.06,0.7463,0.5813,1116087,9023910.0,6075000000.0,1555200000.0,None
2014-07-10,'601339,百隆东方,8.04,8.09,8.01,8.02,8.03,0.01,0.1245,0.5207,999805,8052659.0,6030000000.0,1543680000.0,None
2014-07-09,'601339,百隆东方,8.03,8.14,8.02,8.14,8.12,-0.09,-1.1084,0.7262,1394250,11256757.0,6022500000.0,1541760000.0,None
2014-07-08,'601339,百隆东方,8.12,8.13,8.02,8.06,8.06,0.06,0.7444,0.7288,1399306,11295746.0,6090000000.0,1559040000.0,None
2014-07-07,'601339,百隆东方,8.06,8.12,8.03,8.08,8.1,-0.04,-0.4938,0.7534,1446529,11668318.0,6045000000.0,1547520000.0,None
2014-07-04,'601339,百隆东方,8.1,8.14,8.08,8.12,8.11,-0.01,-0.1233,0.7547,1449023,11747004.0,6075000000.0,1555200000.0,None
2014-07-03,'601339,百隆东方,8.11,8.19,8.1,8.19,8.16,-0.05,-0.6127,1.0478,2011866,16380992.0,6082500000.0,1557120000.0,None
2014-07-02,'601339,百隆东方,8.16,8.16,8.07,8.11,8.08,0.08,0.9901,0.9864,1893838,15387659.0,6120000000.0,1566720000.0,None
2014-07-01,'601339,百隆东方,8.08,8.11,8.03,8.07,8.09,-0.01,-0.1236,0.6501,1248209,10057338.0,6060000000.0,1551360000.0,None
2014-06-30,'601339,百隆东方,8.09,8.14,8.02,8.07,8.07,0.02,0.2478,0.8801,1689793,13635480.0,6067500000.0,1553280000.0,None
2014-06-27,'601339,百隆东方,8.07,8.08,7.96,7.99,7.98,0.09,1.1278,1.3008,2497624,20093097.0,6052500000.0,1549440000.0,None
2014-06-26,'601339,百隆东方,7.98,8.0,7.83,7.84,7.82,0.16,2.046,1.2675,2433520,19353868.0,5985000000.0,1532160000.0,None
2014-06-25,'601339,百隆东方,7.82,7.86,7.8,7.86,7.87,-0.05,-0.6353,0.4519,867622,6783025.0,5865000000.0,1501440000.0,None
2014-06-24,'601339,百隆东方,7.87,7.87,7.77,7.78,7.81,0.06,0.7682,0.7903,1517417,11875135.0,5902500000.0,1511040000.0,None
2014-06-23,'601339,百隆东方,7.81,7.84,7.77,7.79,7.84,-0.03,-0.3827,0.6039,1159395,9042852.0,5857500000.0,1499520000.0,None
2014-06-20,'601339,百隆东方,7.84,7.86,7.78,7.81,7.82,0.02,0.2558,0.6458,1239941,9689141.0,5880000000.0,1505280000.0,None
2014-06-19,'601339,百隆东方,7.82,7.88,7.79,7.81,7.82,0.0,0.0,0.9985,1917215,14999084.0,5865000000.0,1501440000.0,None
2014-06-18,'601339,百隆东方,7.82,7.87,7.79,7.83,7.88,-0.06,-0.7614,1.0525,2020757,15850144.0,5865000000.0,1501440000.0,None
2014-06-17,'601339,百隆东方,7.88,7.99,7.82,7.99,8.0,-0.12,-1.5,2.0323,3902100,30839722.0,5910000000.0,1512960000.0,None
2014-06-16,'601339,百隆东方,8.0,8.0,7.93,7.99,7.99,0.01,0.1252,1.3678,2626080,20924465.0,6000000000.0,1536000000.0,None
2014-06-13,'601339,百隆东方,7.99,8.0,7.88,7.9,7.9,0.09,1.1392,0.7809,1499310,11940374.0,5992500000.0,1534080000.0,None
2014-06-12,'601339,百隆东方,7.9,7.94,7.88,7.92,7.93,-0.03,-0.3783,0.456,875462,6919312.0,5925000000.0,1516800000.0,None
2014-06-11,'601339,百隆东方,7.93,7.93,7.85,7.92,7.92,0.01,0.1263,0.5765,1106925,8746126.0,5947500000.0,1522560000.0,None
2014-06-10,'601339,百隆东方,7.92,7.92,7.81,7.86,7.82,0.1,1.2788,0.5915,1135757,8943400.0,5940000000.0,1520640000.0,None
2014-06-09,'601339,百隆东方,7.82,7.88,7.82,7.83,7.84,-0.02,-0.2551,0.3859,740916,5812889.0,5865000000.0,1501440000.0,None
2014-06-06,'601339,百隆东方,7.84,7.92,7.81,7.92,7.92,-0.08,-1.0101,0.646,1240344,9725175.0,5880000000.0,1505280000.0,None
2014-06-05,'601339,百隆东方,7.92,7.96,7.8,7.84,7.84,0.08,1.0204,0.6866,1318259,10357671.0,5940000000.0,1520640000.0,None
2014-06-04,'601339,百隆东方,7.84,8.05,7.77,8.04,8.05,-0.21,-2.6087,0.8123,1559532,12325560.0,5880000000.0,1505280000.0,None
2014-06-03,'601339,百隆东方,8.05,8.09,8.0,8.03,8.04,0.01,0.1244,0.602,1155914,9302862.0,6037500000.0,1545600000.0,None
2014-05-30,'601339,百隆东方,8.04,8.09,8.01,8.05,8.07,-0.03,-0.3717,0.6048,1161173,9343296.0,6030000000.0,1543680000.0,None
2014-05-29,'601339,百隆东方,8.07,8.19,8.07,8.19,8.19,-0.12,-1.4652,0.4761,914203,7433521.0,6052500000.0,1549440000.0,None
2014-05-28,'601339,百隆东方,8.19,8.19,8.11,8.19,8.17,0.02,0.2448,0.5215,1001242,8167915.0,6142500000.0,1572480000.0,None
2014-05-27,'601339,百隆东方,8.17,8.2,8.14,8.14,8.14,0.03,0.3686,0.4905,941679,7696237.0,6127500000.0,1568640000.0,None
2014-05-26,'601339,百隆东方,8.14,8.15,8.08,8.08,8.08,0.06,0.7426,0.399,765988,6219869.0,6105000000.0,1562880000.0,None
2014-05-23,'601339,百隆东方,8.08,8.1,8.03,8.07,8.08,0.0,0.0,0.2984,572866,4621158.0,6060000000.0,1551360000.0,None
2014-05-22,'601339,XD百隆东,8.08,8.28,8.04,8.16,8.04,0.04,0.4975,0.6524,1252599,10203304.0,6060000000.0,1551360000.0,None
2014-05-21,'601339,百隆东方,8.24,8.28,8.18,8.19,8.26,-0.02,-0.2421,0.5433,1043177,8585827.0,6180000000.0,1582080000.0,None
2014-05-20,'601339,百隆东方,8.26,8.3,8.21,8.28,8.24,0.02,0.2427,0.5829,1119123,9234438.0,6195000000.0,1585920000.0,None
2014-05-19,'601339,百隆东方,8.24,8.36,7.97,8.23,8.28,-0.04,-0.4831,1.2903,2477398,20023732.0,6180000000.0,1582080000.0,None
2014-05-16,'601339,百隆东方,8.28,8.29,8.15,8.23,8.26,0.02,0.2421,0.8321,1597543,13118849.0,6210000000.0,1589760000.0,None
2014-05-15,'601339,百隆东方,8.26,8.74,8.19,8.7,8.72,-0.46,-5.2752,2.8021,5380015,45083606.0,6195000000.0,1585920000.0,None
2014-05-14,'601339,百隆东方,8.72,8.78,8.7,8.78,8.76,-0.04,-0.4566,0.4303,826127,7205137.0,6540000000.0,1674240000.0,None
2014-05-13,'601339,百隆东方,8.76,8.79,8.73,8.79,8.78,-0.02,-0.2278,0.3965,761233,6663870.0,6570000000.0,1681920000.0,None
2014-05-12,'601339,百隆东方,8.78,8.79,8.64,8.68,8.62,0.16,1.8561,0.6991,1342308,11721481.0,6585000000.0,1685760000.0,None
2014-05-09,'601339,百隆东方,8.62,8.83,8.55,8.64,8.63,-0.01,-0.1159,0.7127,1368319,11831784.0,6465000000.0,1655040000.0,None
2014-05-08,'601339,百隆东方,8.63,8.73,8.6,8.6,8.66,-0.03,-0.3464,0.4547,873109,7558732.0,6472500000.0,1656960000.0,None
2014-05-07,'601339,百隆东方,8.66,8.79,8.64,8.7,8.73,-0.07,-0.8018,0.5608,1076692,9397315.0,6495000000.0,1662720000.0,None
2014-05-06,'601339,百隆东方,8.73,8.83,8.67,8.71,8.71,0.02,0.2296,0.6381,1225182,10723985.0,6547500000.0,1676160000.0,None
2014-05-05,'601339,百隆东方,8.71,8.72,8.62,8.7,8.69,0.02,0.2301,0.5038,967378,8388945.0,6532500000.0,1672320000.0,None
2014-04-30,'601339,百隆东方,8.69,8.71,8.57,8.62,8.65,0.04,0.4624,0.5153,989465,8553428.0,6517500000.0,1668480000.0,None
2014-04-29,'601339,百隆东方,8.65,8.66,8.53,8.57,8.54,0.11,1.2881,0.5569,1069265,9185133.0,6487500000.0,1660800000.0,None
2014-04-28,'601339,百隆东方,8.54,8.79,8.53,8.7,8.73,-0.19,-2.1764,0.9001,1728100,14928815.0,6405000000.0,1639680000.0,None
2014-04-25,'601339,百隆东方,8.73,8.93,8.69,8.9,8.89,-0.16,-1.7998,1.2052,2313924,20353360.0,6547500000.0,1676160000.0,None
2014-04-24,'601339,百隆东方,8.89,9.09,8.88,9.03,9.06,-0.17,-1.8764,1.1238,2157761,19349362.0,6667500000.0,1706880000.0,None
2014-04-23,'601339,百隆东方,9.06,9.14,9.02,9.09,9.1,-0.04,-0.4396,0.5099,978929,8889101.0,6795000000.0,1739520000.0,None
2014-04-22,'601339,百隆东方,9.1,9.24,9.0,9.17,9.19,-0.09,-0.9793,1.15,2207917,20058483.0,6825000000.0,1747200000.0,None
2014-04-21,'601339,百隆东方,9.19,9.31,9.18,9.25,9.34,-0.15,-1.606,1.2092,2321744,21465617.0,6892500000.0,1764480000.0,None
2014-04-18,'601339,百隆东方,9.34,9.35,9.2,9.23,9.26,0.08,0.8639,1.3958,2679910,24906746.0,7005000000.0,1793280000.0,None
2014-04-17,'601339,百隆东方,9.26,9.46,9.24,9.45,9.66,-0.4,-4.1408,3.6368,6982748,65083800.0,6945000000.0,1777920000.0,None
2014-04-16,'601339,百隆东方,9.66,9.74,9.52,9.65,9.65,0.01,0.1036,2.416,4638760,44701295.0,7245000000.0,1854720000.0,None
2014-04-15,'601339,百隆东方,9.65,9.66,9.32,9.38,9.37,0.28,2.9883,2.9027,5573106,53123781.0,7237500000.0,1852800000.0,None
2014-04-14,'601339,百隆东方,9.37,9.42,9.29,9.37,9.43,-0.06,-0.6363,1.1287,2167191,20250501.0,7027500000.0,1799040000.0,None
2014-04-11,'601339,百隆东方,9.43,9.51,9.4,9.42,9.46,-0.03,-0.3171,0.9919,1904456,17978387.0,7072500000.0,1810560000.0,None
2014-04-10,'601339,百隆东方,9.46,9.56,9.36,9.4,9.38,0.08,0.8529,1.8246,3503241,33122972.0,7095000000.0,1816320000.0,None
2014-04-09,'601339,百隆东方,9.38,9.38,9.31,9.34,9.35,0.03,0.3209,0.9206,1767627,16528427.0,7035000000.0,1800960000.0,None
2014-04-08,'601339,百隆东方,9.35,9.36,9.21,9.22,9.25,0.1,1.0811,0.9514,1826638,16999358.0,7012500000.0,1795200000.0,None
2014-04-04,'601339,百隆东方,9.25,9.26,9.19,9.19,9.21,0.04,0.4343,0.5197,997837,9198559.0,6937500000.0,1776000000.0,None
2014-04-03,'601339,百隆东方,9.21,9.23,9.1,9.15,9.13,0.08,0.8762,0.766,1470780,13519159.0,6907500000.0,1768320000.0,None
2014-04-02,'601339,百隆东方,9.13,9.14,9.08,9.12,9.12,0.01,0.1096,0.417,800720,7303673.0,6847500000.0,1752960000.0,None
2014-04-01,'601339,百隆东方,9.12,9.13,8.99,9.03,8.99,0.13,1.4461,0.5236,1005286,9129553.0,6840000000.0,1751040000.0,None
2014-03-31,'601339,百隆东方,8.99,9.1,8.97,9.03,9.03,-0.04,-0.443,0.6329,1215145,10953142.0,6742500000.0,1726080000.0,None
2014-03-28,'601339,百隆东方,9.03,9.26,9.02,9.22,9.23,-0.2,-2.1668,1.0863,2085610,19022949.0,6772500000.0,1733760000.0,None
2014-03-27,'601339,百隆东方,9.23,9.36,9.22,9.3,9.33,-0.1,-1.0718,0.657,1261465,11704263.0,6922500000.0,1772160000.0,None
2014-03-26,'601339,百隆东方,9.33,9.43,9.3,9.42,9.39,-0.06,-0.639,0.6457,1207462,11274476.0,6997500000.0,1744710000.0,None
2014-03-25,'601339,百隆东方,9.39,9.44,9.32,9.37,9.37,0.02,0.2134,0.8956,1674786,15721809.0,7042500000.0,1755930000.0,None
2014-03-24,'601339,百隆东方,9.37,9.46,9.23,9.24,9.24,0.13,1.4069,1.1635,2175718,20296979.0,7027500000.0,1752190000.0,None
2014-03-21,'601339,百隆东方,9.24,9.3,8.93,9.0,9.07,0.17,1.8743,1.2178,2277282,20803821.0,6930000000.0,1727880000.0,None
2014-03-20,'601339,百隆东方,9.07,9.32,9.05,9.24,9.28,-0.21,-2.2629,0.9416,1760753,16241957.0,6802500000.0,1696090000.0,None
2014-03-19,'601339,百隆东方,9.28,9.31,9.11,9.15,9.2,0.08,0.8696,1.1348,2122013,19571232.0,6960000000.0,1735360000.0,None
2014-03-18,'601339,百隆东方,9.2,9.29,9.13,9.13,9.18,0.02,0.2179,0.7938,1484349,13684699.0,6900000000.0,1720400000.0,None
2014-03-17,'601339,百隆东方,9.18,9.19,8.99,9.05,9.02,0.16,1.7738,0.7782,1455324,13258916.0,6885000000.0,1716660000.0,None
2014-03-14,'601339,百隆东方,9.02,9.11,8.93,9.09,9.09,-0.07,-0.7701,0.8202,1533694,13823889.0,6765000000.0,1686740000.0,None
2014-03-13,'601339,百隆东方,9.09,9.11,8.99,8.99,8.95,0.14,1.5642,0.7881,1473792,13359953.0,6817500000.0,1699830000.0,None
2014-03-12,'601339,百隆东方,8.95,9.06,8.81,8.97,8.98,-0.03,-0.3341,0.7835,1465190,13120303.0,6712500000.0,1673650000.0,None
2014-03-11,'601339,百隆东方,8.98,9.05,8.9,8.92,8.98,0.0,0.0,0.8487,1587107,14232424.0,6735000000.0,1679260000.0,None
2014-03-10,'601339,百隆东方,8.98,9.27,8.95,9.27,9.28,-0.3,-3.2328,1.469,2746986,24930332.0,6735000000.0,1679260000.0,None
2014-03-07,'601339,百隆东方,9.28,9.54,9.25,9.27,9.3,-0.02,-0.2151,1.0791,2017924,18925961.0,6960000000.0,1735360000.0,None
2014-03-06,'601339,百隆东方,9.3,9.33,9.16,9.22,9.29,0.01,0.1076,1.3334,2493399,23064883.0,6975000000.0,1739100000.0,None
2014-03-05,'601339,百隆东方,9.29,9.46,9.25,9.37,9.37,-0.08,-0.8538,1.287,2406632,22459792.0,6967500000.0,1737230000.0,None
2014-03-04,'601339,百隆东方,9.37,9.45,9.22,9.45,9.45,-0.08,-0.8466,1.2234,2287843,21351883.0,7027500000.0,1752190000.0,None
2014-03-03,'601339,百隆东方,9.45,9.48,9.26,9.29,9.33,0.12,1.2862,1.3913,2601792,24506695.0,7087500000.0,1767150000.0,None
2014-02-28,'601339,百隆东方,9.33,9.36,9.09,9.15,9.14,0.19,2.0788,1.2515,2340391,21525084.0,6997500000.0,1744710000.0,None
2014-02-27,'601339,百隆东方,9.14,9.51,9.0,9.46,9.43,-0.29,-3.0753,2.2367,4182665,38990455.0,6855000000.0,1709180000.0,None
2014-02-26,'601339,百隆东方,9.43,9.44,9.21,9.39,9.4,0.03,0.3191,1.2595,2355247,22003849.0,7072500000.0,1763410000.0,None
2014-02-25,'601339,百隆东方,9.4,9.77,9.3,9.75,9.75,-0.35,-3.5897,2.3189,4336284,41684332.0,7050000000.0,1757800000.0,None
2014-02-24,'601339,百隆东方,9.75,9.92,9.6,9.91,9.94,-0.19,-1.9115,3.0072,5623458,54464284.0,7312500000.0,1823250000.0,None
2014-02-21,'601339,百隆东方,9.94,10.17,9.86,9.99,10.01,-0.07,-0.6993,2.2106,4133810,41362410.0,7455000000.0,1858780000.0,None
2014-02-20,'601339,百隆东方,10.01,10.26,10.0,10.19,10.17,-0.16,-1.5733,2.4247,4534275,45823368.0,7507500000.0,1871870000.0,None
2014-02-19,'601339,百隆东方,10.17,10.31,10.11,10.22,10.23,-0.06,-0.5865,3.2155,6012893,61406955.0,7627500000.0,1901790000.0,None
2014-02-18,'601339,百隆东方,10.23,10.24,9.95,10.0,10.02,0.21,2.0958,4.7284,8842130,89720115.0,7672500000.0,1913010000.0,None
2014-02-17,'601339,百隆东方,10.02,10.02,9.77,9.85,9.82,0.2,2.0367,3.4036,6364789,62947582.0,7515000000.0,1873740000.0,None
2014-02-14,'601339,百隆东方,9.82,9.84,9.69,9.75,9.71,0.11,1.1329,2.3447,4384498,42831739.0,7365000000.0,1836340000.0,None
2014-02-13,'601339,百隆东方,9.71,10.08,9.7,10.08,10.1,-0.39,-3.8614,4.1557,7771102,76734766.0,7282500000.0,1815770000.0,None
2014-02-12,'601339,百隆东方,10.1,10.16,9.95,10.07,10.02,0.08,0.7984,2.6972,5043721,50718731.0,7575000000.0,1888700000.0,None
2014-02-11,'601339,百隆东方,10.02,10.03,9.9,10.0,9.99,0.03,0.3003,2.5626,4792138,47833180.0,7515000000.0,1873740000.0,None
2014-02-10,'601339,百隆东方,9.99,10.16,9.89,9.89,9.8,0.19,1.9388,3.1108,5817165,58408918.0,7492500000.0,1868130000.0,None
2014-02-07,'601339,百隆东方,9.8,9.83,9.52,9.61,9.7,0.1,1.0309,1.632,3051767,29502331.0,7350000000.0,1832600000.0,None
2014-01-30,'601339,百隆东方,9.7,9.77,9.63,9.73,9.73,-0.03,-0.3083,0.8629,1613693,15649467.0,7275000000.0,1813900000.0,None
2014-01-29,'601339,百隆东方,9.73,9.74,9.6,9.61,9.65,0.08,0.829,0.8865,1657689,16073996.0,7297500000.0,1819510000.0,None
2014-01-28,'601339,百隆东方,9.65,9.82,9.57,9.76,9.76,-0.11,-1.127,1.4437,2699652,26066393.0,7237500000.0,1804550000.0,None
2014-01-27,'601339,百隆东方,9.76,9.95,9.63,9.8,9.89,-0.13,-1.3145,2.0991,3925235,38429434.0,7320000000.0,1825120000.0,None
2014-01-24,'601339,百隆东方,9.89,9.98,9.61,9.61,9.45,0.44,4.6561,3.6291,6786464,66721388.0,7417500000.0,1849430000.0,None
2014-01-23,'601339,百隆东方,9.45,9.48,9.37,9.42,9.41,0.04,0.4251,1.5087,2821270,26585155.0,7087500000.0,1767150000.0,None
2014-01-22,'601339,百隆东方,9.41,9.44,9.18,9.18,9.14,0.27,2.954,1.7437,3260714,30526241.0,7057500000.0,1759670000.0,None
2014-01-21,'601339,百隆东方,9.14,9.18,9.01,9.08,8.99,0.15,1.6685,0.7536,1409203,12848047.0,6855000000.0,1709180000.0,None
2014-01-20,'601339,百隆东方,8.99,9.2,8.96,9.13,9.12,-0.13,-1.4254,0.9833,1838826,16669169.0,6742500000.0,1681130000.0,None
2014-01-17,'601339,百隆东方,9.12,9.35,9.1,9.35,9.35,-0.23,-2.4599,1.3523,2528800,23173501.0,6840000000.0,1705440000.0,None
2014-01-16,'601339,百隆东方,9.35,9.41,9.21,9.27,9.25,0.1,1.0811,0.8655,1618524,15089047.0,7012500000.0,1748450000.0,None
2014-01-15,'601339,百隆东方,9.25,9.29,9.17,9.29,9.31,-0.06,-0.6445,0.9051,1692615,15606635.0,6937500000.0,1729750000.0,None
2014-01-14,'601339,百隆东方,9.31,9.32,8.99,9.06,9.04,0.27,2.9867,1.4039,2625359,24034838.0,6982500000.0,1740970000.0,None
2014-01-13,'601339,百隆东方,9.04,9.36,9.03,9.29,9.3,-0.26,-2.7957,1.3356,2497527,23023632.0,6780000000.0,1690480000.0,None
2014-01-10,'601339,百隆东方,9.3,9.43,9.2,9.31,9.31,-0.01,-0.1074,1.0046,1878655,17497473.0,6975000000.0,1739100000.0,None
2014-01-09,'601339,百隆东方,9.31,9.52,9.2,9.25,9.29,0.02,0.2153,1.9214,3593037,33754420.0,6982500000.0,1740970000.0,None
2014-01-08,'601339,百隆东方,9.29,9.48,9.25,9.34,9.34,-0.05,-0.5353,1.4923,2790623,26053200.0,6967500000.0,1737230000.0,None
2014-01-07,'601339,百隆东方,9.34,9.38,9.17,9.29,9.34,0.0,0.0,1.3631,2548930,23659106.0,7005000000.0,1746580000.0,None
2014-01-06,'601339,百隆东方,9.34,9.7,9.33,9.7,9.73,-0.39,-4.0082,2.2635,4232730,39878009.0,7005000000.0,1746580000.0,None
2014-01-03,'601339,百隆东方,9.73,10.07,9.7,9.98,10.0,-0.27,-2.7,2.7828,5203790,50969096.0,7297500000.0,1819510000.0,None
2014-01-02,'601339,百隆东方,10.0,10.1,9.93,10.1,10.13,-0.13,-1.2833,1.869,3495037,34957590.0,7500000000.0,1870000000.0,None
2013-12-31,'601339,百隆东方,10.13,10.18,9.93,10.18,10.15,-0.02,-0.197,2.2231,4157173,41812801.0,7597500000.0,1894310000.0,None
2013-12-30,'601339,百隆东方,10.15,10.2,9.98,10.0,9.95,0.2,2.0101,2.793,5222959,52888431.0,7612500000.0,1898050000.0,None
2013-12-27,'601339,百隆东方,9.95,9.99,9.63,9.63,9.7,0.25,2.5773,2.2054,4124056,40735395.0,7462500000.0,1860650000.0,None
2013-12-26,'601339,百隆东方,9.7,10.04,9.68,10.02,10.02,-0.32,-3.1936,2.3679,4427897,43687682.0,7275000000.0,1813900000.0,None
2013-12-25,'601339,百隆东方,10.02,10.04,9.73,9.79,9.76,0.26,2.6639,2.9883,5588066,55634160.0,7515000000.0,1873740000.0,None
2013-12-24,'601339,百隆东方,9.76,9.94,9.64,9.7,9.67,0.09,0.9307,2.3259,4349468,42579999.0,7320000000.0,1825120000.0,None
2013-12-23,'601339,百隆东方,9.67,9.88,9.59,9.8,9.78,-0.11,-1.1247,2.28,4263605,41295326.0,7252500000.0,1808290000.0,None
2013-12-20,'601339,百隆东方,9.78,10.12,9.68,10.0,10.02,-0.24,-2.3952,4.3321,8101034,79803302.0,7335000000.0,1828860000.0,None
2013-12-19,'601339,百隆东方,10.02,10.65,9.99,10.58,10.65,-0.63,-5.9155,5.3456,9996326,103221477.0,7515000000.0,1873740000.0,None
2013-12-18,'601339,百隆东方,10.65,10.83,10.3,10.35,10.35,0.3,2.8986,7.6745,14351369,152137042.0,7987500000.0,1991550000.0,None
2013-12-17,'601339,百隆东方,10.35,10.46,10.05,10.13,10.14,0.21,2.071,4.4863,8389414,85948186.0,7762500000.0,1935450000.0,None
2013-12-16,'601339,百隆东方,10.14,10.23,9.96,10.11,10.09,0.05,0.4955,4.4868,8390264,84860248.0,7605000000.0,1896180000.0,None
2013-12-13,'601339,百隆东方,10.09,10.47,10.07,10.25,10.47,-0.38,-3.6294,6.2348,11659138,119130030.0,7567500000.0,1886830000.0,None
2013-12-12,'601339,百隆东方,10.47,10.7,10.06,10.19,10.28,0.19,1.8482,7.7748,14538807,150976591.0,7852500000.0,1957890000.0,None
2013-12-11,'601339,百隆东方,10.28,10.54,10.03,10.15,10.24,0.04,0.3906,7.545,14109105,145244439.0,7710000000.0,1922360000.0,None
2013-12-10,'601339,百隆东方,10.24,10.42,10.12,10.18,10.42,-0.18,-1.7274,8.8941,16632040,170614868.0,7680000000.0,1914880000.0,None
2013-12-09,'601339,百隆东方,10.42,10.42,9.78,9.78,9.47,0.95,10.0317,17.4203,32576004,331618279.0,7815000000.0,1948540000.0,None
2013-12-06,'601339,百隆东方,9.47,9.57,9.26,9.26,9.28,0.19,2.0474,3.9212,7332613,69273384.0,7102500000.0,1770890000.0,None
2013-12-05,'601339,百隆东方,9.28,9.34,9.2,9.28,9.28,0.0,0.0,1.421,2657210,24606980.0,6960000000.0,1735360000.0,None
2013-12-04,'601339,百隆东方,9.28,9.44,9.06,9.12,9.1,0.18,1.978,2.9653,5545091,51525090.0,6960000000.0,1735360000.0,None
2013-12-03,'601339,百隆东方,9.1,9.1,8.73,8.75,8.79,0.31,3.5267,1.5875,2968686,26620540.0,6825000000.0,1701700000.0,None
2013-12-02,'601339,百隆东方,8.79,9.09,8.65,9.01,9.12,-0.33,-3.6184,2.4704,4619564,41112503.0,6592500000.0,1643730000.0,None
2013-11-29,'601339,百隆东方,9.12,9.22,9.0,9.08,9.06,0.06,0.6623,1.6115,3013416,27412957.0,6840000000.0,1705440000.0,None
2013-11-28,'601339,百隆东方,9.06,9.09,8.99,9.03,9.0,0.06,0.6667,1.4889,2784195,25194822.0,6795000000.0,1694220000.0,None
2013-11-27,'601339,百隆东方,9.0,9.06,8.92,8.97,8.97,0.03,0.3344,1.09,2038241,18326520.0,6750000000.0,1683000000.0,None
2013-11-26,'601339,百隆东方,8.97,9.07,8.9,8.98,8.98,-0.01,-0.1114,1.1265,2106542,18899890.0,6727500000.0,1677390000.0,None
2013-11-25,'601339,百隆东方,8.98,8.99,8.81,8.82,8.81,0.17,1.9296,2.0348,3805156,33989258.0,6735000000.0,1679260000.0,None
2013-11-22,'601339,百隆东方,8.81,8.86,8.76,8.81,8.81,0.0,0.0,1.1083,2072611,18282231.0,6607500000.0,1647470000.0,None
2013-11-21,'601339,百隆东方,8.81,8.88,8.73,8.81,8.82,-0.01,-0.1134,1.3371,2500312,21978587.0,6607500000.0,1647470000.0,None
2013-11-20,'601339,百隆东方,8.82,8.96,8.75,8.92,8.92,-0.1,-1.1211,3.0446,5693348,50141720.0,6615000000.0,1649340000.0,None
2013-11-19,'601339,百隆东方,8.92,8.94,8.83,8.91,8.86,0.06,0.6772,1.5002,2805328,24921676.0,6690000000.0,1668040000.0,None
2013-11-18,'601339,百隆东方,8.86,8.89,8.74,8.75,8.71,0.15,1.7222,1.5048,2814069,24873545.0,6645000000.0,1656820000.0,None
2013-11-15,'601339,百隆东方,8.71,8.88,8.59,8.59,8.59,0.12,1.397,1.9581,3661629,32044141.0,6532500000.0,1628770000.0,None
2013-11-14,'601339,百隆东方,8.59,8.61,8.45,8.5,8.5,0.09,1.0588,0.5727,1070901,9152050.0,6442500000.0,1606330000.0,None
2013-11-13,'601339,百隆东方,8.5,8.67,8.49,8.67,8.65,-0.15,-1.7341,0.6373,1191701,10188444.0,6375000000.0,1589500000.0,None
2013-11-12,'601339,百隆东方,8.65,8.66,8.53,8.56,8.58,0.07,0.8159,0.6508,1216961,10499657.0,6487500000.0,1617550000.0,None
2013-11-11,'601339,百隆东方,8.58,8.59,8.46,8.52,8.5,0.08,0.9412,0.4937,923288,7883244.0,6435000000.0,1604460000.0,None
2013-11-08,'601339,百隆东方,8.5,8.58,8.49,8.57,8.57,-0.07,-0.8168,0.8908,1665791,14169772.0,6375000000.0,1589500000.0,None
2013-11-07,'601339,百隆东方,8.57,8.69,8.54,8.68,8.7,-0.13,-1.4943,1.2624,2360685,20308468.0,6427500000.0,1602590000.0,None
2013-11-06,'601339,百隆东方,8.7,8.85,8.67,8.78,8.78,-0.08,-0.9112,1.2368,2312800,20331148.0,6525000000.0,1626900000.0,None
2013-11-05,'601339,百隆东方,8.78,8.83,8.65,8.69,8.8,-0.02,-0.2273,0.9907,1852699,16192705.0,6585000000.0,1641860000.0,None
2013-11-04,'601339,百隆东方,8.8,8.82,8.72,8.78,8.78,0.02,0.2278,0.7749,1449021,12720654.0,6600000000.0,1645600000.0,None
2013-11-01,'601339,百隆东方,8.78,8.8,8.67,8.8,8.78,0.0,0.0,0.8122,1518760,13264335.0,6585000000.0,1641860000.0,None
2013-10-31,'601339,百隆东方,8.78,8.85,8.7,8.76,8.82,-0.04,-0.4535,1.064,1989773,17460047.0,6585000000.0,1641860000.0,None
2013-10-30,'601339,百隆东方,8.82,8.83,8.63,8.7,8.68,0.14,1.6129,2.2598,4225905,36921162.0,6615000000.0,1649340000.0,None
2013-10-29,'601339,百隆东方,8.68,9.22,8.56,9.09,9.13,-0.45,-4.9288,3.7902,7087762,62339012.0,6510000000.0,1623160000.0,None
2013-10-28,'601339,百隆东方,9.13,9.47,9.1,9.27,9.27,-0.14,-1.5102,2.9814,5575250,51893818.0,6847500000.0,1707310000.0,None
2013-10-25,'601339,百隆东方,9.27,9.31,9.15,9.19,9.19,0.08,0.8705,1.724,3223805,29762566.0,6952500000.0,1733490000.0,None
2013-10-24,'601339,百隆东方,9.19,9.48,9.15,9.33,9.29,-0.1,-1.0764,2.8677,5362552,49885695.0,6892500000.0,1718530000.0,None
2013-10-23,'601339,百隆东方,9.29,9.65,9.28,9.57,9.63,-0.34,-3.5306,2.4664,4612114,43360030.0,6967500000.0,1737230000.0,None
2013-10-22,'601339,百隆东方,9.63,9.7,9.4,9.5,9.54,0.09,0.9434,3.1435,5878410,55933041.0,7222500000.0,1800810000.0,None
2013-10-21,'601339,百隆东方,9.54,9.58,9.36,9.4,9.38,0.16,1.7058,3.9674,7419100,70413025.0,7155000000.0,1783980000.0,None
2013-10-18,'601339,百隆东方,9.38,9.78,9.07,9.08,8.97,0.41,4.5708,5.4016,10100916,94679272.0,7035000000.0,1754060000.0,None
2013-10-17,'601339,百隆东方,8.97,9.05,8.91,8.99,8.95,0.02,0.2235,1.2076,2258189,20297682.0,6727500000.0,1677390000.0,None
2013-10-16,'601339,百隆东方,8.95,9.24,8.9,9.16,9.16,-0.21,-2.2926,2.006,3751188,33855267.0,6712500000.0,1673650000.0,None
2013-10-15,'601339,百隆东方,9.16,9.36,9.07,9.31,9.25,-0.09,-0.973,2.1014,3929587,35974809.0,6870000000.0,1712920000.0,None
2013-10-14,'601339,百隆东方,9.25,9.32,9.12,9.19,9.17,0.08,0.8724,2.6187,4896969,45141318.0,6937500000.0,1729750000.0,None
2013-10-11,'601339,百隆东方,9.17,9.18,9.03,9.06,9.04,0.13,1.4381,2.4304,4544911,41375658.0,6877500000.0,1714790000.0,None
2013-10-10,'601339,百隆东方,9.04,9.14,8.98,9.06,9.08,-0.04,-0.4405,1.9421,3631765,32844424.0,6780000000.0,1690480000.0,None
2013-10-09,'601339,百隆东方,9.08,9.12,8.96,9.07,9.09,-0.01,-0.11,1.4703,2749389,24793279.0,6810000000.0,1697960000.0,None
2013-10-08,'601339,百隆东方,9.09,9.13,8.82,8.86,8.86,0.23,2.5959,1.7845,3337024,30099514.0,6817500000.0,1699830000.0,None
2013-09-30,'601339,百隆东方,8.86,8.94,8.79,8.9,8.86,0.0,0.0,1.4031,2623805,23254733.0,6645000000.0,1656820000.0,None
2013-09-27,'601339,百隆东方,8.86,9.02,8.72,8.76,8.76,0.1,1.1416,1.7261,3227737,28746813.0,6645000000.0,1656820000.0,None
2013-09-26,'601339,百隆东方,8.76,9.18,8.76,9.08,9.14,-0.38,-4.1575,2.8924,4338588,38765885.0,6570000000.0,1314000000.0,None
2013-09-25,'601339,百隆东方,9.14,9.35,8.92,8.96,9.05,0.09,0.9945,6.097,9145545,83617646.0,6855000000.0,1371000000.0,None
2013-09-24,'601339,百隆东方,9.05,9.15,8.73,8.88,8.87,0.18,2.0293,4.1887,6283082,56359270.0,6787500000.0,1357500000.0,None
2013-09-23,'601339,百隆东方,8.87,8.89,8.6,8.65,8.65,0.22,2.5434,2.9854,4478164,39282943.0,6652500000.0,1330500000.0,None
2013-09-18,'601339,百隆东方,8.65,8.81,8.56,8.72,8.76,-0.11,-1.2557,3.1648,4747202,40985251.0,6487500000.0,1297500000.0,None
2013-09-17,'601339,百隆东方,8.76,9.07,8.74,8.85,8.85,-0.09,-1.0169,4.2279,6341843,56444911.0,6570000000.0,1314000000.0,None
2013-09-16,'601339,百隆东方,8.85,9.17,8.79,8.98,8.77,0.08,0.9122,4.8706,7305860,65329438.0,6637500000.0,1327500000.0,None
2013-09-13,'601339,百隆东方,8.77,8.86,8.61,8.61,8.63,0.14,1.6222,2.5256,3788448,33219256.0,6577500000.0,1315500000.0,None
2013-09-12,'601339,百隆东方,8.63,8.68,8.56,8.57,8.61,0.02,0.2323,1.6474,2471104,21366787.0,6472500000.0,1294500000.0,None
2013-09-11,'601339,百隆东方,8.61,8.76,8.57,8.7,8.72,-0.11,-1.2615,2.5914,3887168,33644504.0,6457500000.0,1291500000.0,None
2013-09-10,'601339,百隆东方,8.72,8.79,8.64,8.79,8.73,-0.01,-0.1145,1.8391,2758717,24053952.0,6540000000.0,1308000000.0,None
2013-09-09,'601339,百隆东方,8.73,8.79,8.67,8.7,8.67,0.06,0.692,2.1686,3252876,28388805.0,6547500000.0,1309500000.0,None
2013-09-06,'601339,百隆东方,8.67,8.74,8.55,8.55,8.62,0.05,0.58,1.8819,2822864,24485509.0,6502500000.0,1300500000.0,None
2013-09-05,'601339,百隆东方,8.62,8.7,8.41,8.47,8.48,0.14,1.6509,2.0112,3016807,25840647.0,6465000000.0,1293000000.0,None
2013-09-04,'601339,百隆东方,8.48,8.53,8.43,8.52,8.52,-0.04,-0.4695,0.8545,1281787,10862692.0,6360000000.0,1272000000.0,None
2013-09-03,'601339,百隆东方,8.52,8.53,8.36,8.41,8.44,0.08,0.9479,1.2167,1825101,15481443.0,6390000000.0,1278000000.0,None
2013-09-02,'601339,百隆东方,8.44,8.53,8.36,8.45,8.48,-0.04,-0.4717,1.2729,1909424,16083859.0,6330000000.0,1266000000.0,None
2013-08-30,'601339,百隆东方,8.48,8.58,8.42,8.47,8.47,0.01,0.1181,2.0044,3006554,25594141.0,6360000000.0,1272000000.0,None
2013-08-29,'601339,百隆东方,8.47,8.49,8.37,8.4,8.39,0.08,0.9535,1.2528,1879128,15841222.0,6352500000.0,1270500000.0,None
2013-08-28,'601339,百隆东方,8.39,8.44,8.31,8.36,8.43,-0.04,-0.4745,1.0834,1625164,13607089.0,6292500000.0,1258500000.0,None
2013-08-27,'601339,百隆东方,8.43,8.44,8.34,8.39,8.39,0.04,0.4768,0.9606,1440912,12094365.0,6322500000.0,1264500000.0,None
2013-08-26,'601339,百隆东方,8.39,8.41,8.19,8.21,8.2,0.19,2.3171,0.9855,1478284,12316154.0,6292500000.0,1258500000.0,None
2013-08-23,'601339,百隆东方,8.2,8.41,8.12,8.4,8.36,-0.16,-1.9139,1.3781,2067129,17088427.0,6150000000.0,1230000000.0,None
2013-08-22,'601339,百隆东方,8.36,8.45,8.34,8.41,8.42,-0.06,-0.7126,0.9227,1384005,11606191.0,6270000000.0,1254000000.0,None
2013-08-21,'601339,百隆东方,8.42,8.44,8.33,8.4,8.4,0.02,0.2381,0.7304,1095673,9184101.0,6315000000.0,1263000000.0,None
2013-08-20,'601339,百隆东方,8.4,8.53,8.34,8.47,8.47,-0.07,-0.8264,0.9168,1375151,11604136.0,6300000000.0,1260000000.0,None
2013-08-19,'601339,百隆东方,8.47,8.48,8.27,8.3,8.33,0.14,1.6807,0.8109,1216305,10214609.0,6352500000.0,1270500000.0,None
2013-08-16,'601339,百隆东方,8.33,8.58,8.33,8.38,8.44,-0.11,-1.3033,2.0794,3119090,26338804.0,6247500000.0,1249500000.0,None
2013-08-15,'601339,百隆东方,8.44,8.69,8.43,8.69,8.74,-0.3,-3.4325,2.4257,3638549,31155020.0,6330000000.0,1266000000.0,None
2013-08-14,'601339,百隆东方,8.74,8.75,8.63,8.63,8.64,0.1,1.1574,2.3092,3463869,30168776.0,6555000000.0,1311000000.0,None
2013-08-13,'601339,百隆东方,8.64,8.67,8.52,8.59,8.56,0.08,0.9346,1.3805,2070759,17856406.0,6480000000.0,1296000000.0,None
2013-08-12,'601339,百隆东方,8.56,8.56,8.48,8.5,8.48,0.08,0.9434,2.0307,3046047,25953829.0,6420000000.0,1284000000.0,None
2013-08-09,'601339,百隆东方,8.48,8.5,8.32,8.32,8.34,0.14,1.6787,1.5957,2393499,20159681.0,6360000000.0,1272000000.0,None
2013-08-08,'601339,百隆东方,8.34,8.37,8.2,8.31,8.31,0.03,0.361,0.7969,1195286,9916854.0,6255000000.0,1251000000.0,None
2013-08-07,'601339,百隆东方,8.31,8.47,8.23,8.4,8.4,-0.09,-1.0714,1.5237,2285601,19100424.0,6232500000.0,1246500000.0,None
2013-08-06,'601339,百隆东方,8.4,8.4,8.16,8.18,8.19,0.21,2.5641,2.3062,3459235,28761360.0,6300000000.0,1260000000.0,None
2013-08-05,'601339,百隆东方,8.19,8.19,8.11,8.14,8.13,0.06,0.738,0.823,1234517,10075267.0,6142500000.0,1228500000.0,None
2013-08-02,'601339,百隆东方,8.13,8.16,8.08,8.12,8.12,0.01,0.1232,0.8964,1344550,10920327.0,6097500000.0,1219500000.0,None
2013-08-01,'601339,百隆东方,8.12,8.13,7.93,7.96,7.96,0.16,2.0101,0.9089,1363297,11014569.0,6090000000.0,1218000000.0,None
2013-07-31,'601339,百隆东方,7.96,8.02,7.92,7.95,7.9,0.06,0.7595,0.5467,820089,6535341.0,5970000000.0,1194000000.0,None
2013-07-30,'601339,百隆东方,7.9,7.93,7.77,7.82,7.86,0.04,0.5089,0.4603,690442,5436013.0,5925000000.0,1185000000.0,None
2013-07-29,'601339,百隆东方,7.86,7.96,7.82,7.95,7.95,-0.09,-1.1321,0.6595,989299,7809760.0,5895000000.0,1179000000.0,None
2013-07-26,'601339,百隆东方,7.95,8.05,7.9,8.05,8.04,-0.09,-1.1194,0.7976,1196420,9536025.0,5962500000.0,1192500000.0,None
2013-07-25,'601339,百隆东方,8.04,8.15,8.03,8.07,8.08,-0.04,-0.495,1.0489,1573302,12702696.0,6030000000.0,1206000000.0,None
2013-07-24,'601339,百隆东方,8.08,8.17,8.0,8.13,8.17,-0.09,-1.1016,1.4398,2159726,17432601.0,6060000000.0,1212000000.0,None
2013-07-23,'601339,百隆东方,8.17,8.26,8.0,8.13,8.08,0.09,1.1139,2.5153,3773010,30690588.0,6127500000.0,1225500000.0,None
2013-07-22,'601339,百隆东方,8.08,8.09,7.85,7.92,7.99,0.09,1.1264,0.7521,1128184,9014606.0,6060000000.0,1212000000.0,None
2013-07-19,'601339,百隆东方,7.99,8.4,7.96,8.4,8.29,-0.3,-3.6188,2.4821,3723144,30357804.0,5992500000.0,1198500000.0,None
2013-07-18,'601339,百隆东方,8.29,8.58,8.22,8.4,8.16,0.13,1.5931,2.6335,3950184,33046717.0,6217500000.0,1243500000.0,None
2013-07-17,'601339,百隆东方,8.16,8.45,8.05,8.11,8.19,-0.03,-0.3663,1.6568,2485235,20490812.0,6120000000.0,1224000000.0,None
2013-07-16,'601339,百隆东方,8.19,8.23,7.95,8.0,8.03,0.16,1.9925,1.4257,2138586,17216836.0,6142500000.0,1228500000.0,None
2013-07-15,'601339,百隆东方,8.03,8.05,7.87,7.93,7.91,0.12,1.5171,0.7135,1070272,8534764.0,6022500000.0,1204500000.0,None
2013-07-12,'601339,百隆东方,7.91,8.08,7.88,8.05,8.02,-0.11,-1.3716,0.8778,1316663,10493070.0,5932500000.0,1186500000.0,None
2013-07-11,'601339,百隆东方,8.02,8.1,7.77,7.81,7.81,0.21,2.6889,1.9787,2968035,23665999.0,6015000000.0,1203000000.0,None
2013-07-10,'601339,百隆东方,7.81,7.82,7.59,7.59,7.59,0.22,2.8986,1.0214,1532097,11835565.0,5857500000.0,1171500000.0,None
2013-07-09,'601339,百隆东方,7.59,7.65,7.55,7.65,7.53,0.06,0.7968,0.4714,707040,5364895.0,5692500000.0,1138500000.0,None
2013-07-08,'601339,百隆东方,7.53,7.7,7.51,7.7,7.72,-0.19,-2.4611,1.0235,1535180,11648477.0,5647500000.0,1129500000.0,None
2013-07-05,'601339,百隆东方,7.72,7.84,7.7,7.7,7.73,-0.01,-0.1294,0.9447,1417050,11021563.0,5790000000.0,1158000000.0,None
2013-07-04,'601339,百隆东方,7.73,7.76,7.5,7.57,7.63,0.1,1.3106,1.1128,1669145,12833977.0,5797500000.0,1159500000.0,None
2013-07-03,'601339,百隆东方,7.63,7.73,7.41,7.7,7.68,-0.05,-0.651,1.5249,2287349,17233881.0,5722500000.0,1144500000.0,None
2013-07-02,'601339,百隆东方,7.68,7.79,7.62,7.63,7.63,0.05,0.6553,1.3658,2048666,15775683.0,5760000000.0,1152000000.0,None
2013-07-01,'601339,百隆东方,7.63,7.63,7.5,7.56,7.55,0.08,1.0596,0.702,1053071,7970785.0,5722500000.0,1144500000.0,None
2013-06-28,'601339,百隆东方,7.55,7.71,7.42,7.6,7.59,-0.04,-0.527,2.0526,3078956,23314113.0,5662500000.0,1132500000.0,None
2013-06-27,'601339,XD百隆东,7.59,8.11,7.58,8.02,8.0,-0.41,-5.125,1.6549,2482347,19396154.0,5692500000.0,1138500000.0,None
2013-06-26,'601339,百隆东方,8.1,8.13,7.75,7.96,7.98,0.12,1.5038,1.3451,2017629,16123023.0,6075000000.0,1215000000.0,None
2013-06-25,'601339,百隆东方,7.98,8.28,7.43,8.11,8.19,-0.21,-2.5641,2.5729,3859350,30254731.0,5985000000.0,1197000000.0,None
2013-06-24,'601339,百隆东方,8.19,8.71,8.13,8.69,8.69,-0.5,-5.7537,1.8256,2738392,22987853.0,6142500000.0,1228500000.0,None
2013-06-21,'601339,百隆东方,8.69,8.7,8.41,8.56,8.56,0.13,1.5187,0.7369,1105380,9482810.0,6517500000.0,1303500000.0,None
2013-06-20,'601339,百隆东方,8.56,8.77,8.55,8.77,8.8,-0.24,-2.7273,0.9819,1472788,12722630.0,6420000000.0,1284000000.0,None
2013-06-19,'601339,百隆东方,8.8,8.85,8.65,8.85,8.84,-0.04,-0.4525,1.0827,1624078,14161634.0,6600000000.0,1320000000.0,None
2013-06-18,'601339,百隆东方,8.84,8.92,8.75,8.75,8.75,0.09,1.0286,1.4848,2227173,19690754.0,6630000000.0,1326000000.0,None
2013-06-17,'601339,百隆东方,8.75,8.86,8.58,8.61,8.6,0.15,1.7442,1.3498,2024744,17693893.0,6562500000.0,1312500000.0,None
2013-06-14,'601339,百隆东方,8.6,8.66,8.48,8.57,8.49,0.11,1.2956,1.4402,2160254,18555550.0,6450000000.0,1290000000.0,None
2013-06-13,'601339,百隆东方,8.49,8.74,8.4,8.74,8.82,-0.33,-3.7415,1.5505,2325696,19768355.0,6367500000.0,1273500000.0,None
2013-06-07,'601339,百隆东方,8.82,9.0,8.8,8.98,8.94,-0.12,-1.3423,1.5593,2338939,20728869.0,6615000000.0,1323000000.0,None
2013-06-06,'601339,百隆东方,8.94,9.05,8.9,9.0,9.01,-0.07,-0.7769,1.2935,1940192,17392700.0,6705000000.0,1341000000.0,None
2013-06-05,'601339,百隆东方,9.01,9.14,8.95,9.14,9.08,-0.07,-0.7709,1.8282,2742255,24789602.0,6757500000.0,1351500000.0,None
2013-06-04,'601339,百隆东方,9.08,9.53,9.02,9.48,9.48,-0.4,-4.2194,3.953,5929486,54382781.0,6810000000.0,1362000000.0,None
2013-06-03,'601339,百隆东方,9.48,9.65,9.36,9.46,9.43,0.05,0.5302,3.3051,4957627,47138674.0,7110000000.0,1422000000.0,None
2013-05-31,'601339,百隆东方,9.43,9.75,9.41,9.56,9.41,0.02,0.2125,4.2371,6355691,60917946.0,7072500000.0,1414500000.0,None
2013-05-30,'601339,百隆东方,9.41,9.57,9.32,9.38,9.4,0.01,0.1064,2.7615,4142314,39186868.0,7057500000.0,1411500000.0,None
2013-05-29,'601339,百隆东方,9.4,9.54,9.28,9.42,9.39,0.01,0.1065,3.1225,4683819,44117056.0,7050000000.0,1410000000.0,None
2013-05-28,'601339,百隆东方,9.39,9.4,9.06,9.13,9.06,0.33,3.6424,4.5291,6793616,62860525.0,7042500000.0,1408500000.0,None
2013-05-27,'601339,百隆东方,9.06,9.13,9.0,9.0,9.03,0.03,0.3322,1.6689,2503423,22655857.0,6795000000.0,1359000000.0,None
2013-05-24,'601339,百隆东方,9.03,9.06,8.87,8.9,8.91,0.12,1.3468,1.7253,2587915,23171194.0,6772500000.0,1354500000.0,None
2013-05-23,'601339,百隆东方,8.91,9.16,8.9,9.11,9.15,-0.24,-2.623,2.5614,3842078,34765716.0,6682500000.0,1336500000.0,None
2013-05-22,'601339,百隆东方,9.15,9.36,8.91,8.95,8.95,0.2,2.2346,5.2553,7882930,72340890.0,6862500000.0,1372500000.0,None
2013-05-21,'601339,百隆东方,8.95,9.03,8.88,9.0,8.95,0.0,0.0,1.6478,2471744,22061458.0,6712500000.0,1342500000.0,None
2013-05-20,'601339,百隆东方,8.95,8.99,8.86,8.9,8.89,0.06,0.6749,2.2069,3310346,29565191.0,6712500000.0,1342500000.0,None
2013-05-17,'601339,百隆东方,8.89,8.97,8.7,8.71,8.7,0.19,2.1839,2.9124,4368646,38827534.0,6667500000.0,1333500000.0,None
2013-05-16,'601339,百隆东方,8.7,8.76,8.51,8.55,8.55,0.15,1.7544,1.4427,2164001,18765226.0,6525000000.0,1305000000.0,None
2013-05-15,'601339,百隆东方,8.55,8.63,8.47,8.51,8.52,0.03,0.3521,0.7697,1154525,9851572.0,6412500000.0,1282500000.0,None
2013-05-14,'601339,百隆东方,8.52,8.66,8.48,8.66,8.69,-0.17,-1.9563,0.9677,1451577,12414462.0,6390000000.0,1278000000.0,None
2013-05-13,'601339,百隆东方,8.69,8.8,8.64,8.73,8.68,0.01,0.1152,0.7599,1139894,9908936.0,6517500000.0,1303500000.0,None
2013-05-10,'601339,百隆东方,8.68,8.69,8.55,8.6,8.62,0.06,0.6961,0.7576,1136416,9822056.0,6510000000.0,1302000000.0,None
2013-05-09,'601339,百隆东方,8.62,8.72,8.5,8.7,8.71,-0.09,-1.0333,1.5741,2361151,20320004.0,6465000000.0,1293000000.0,None
2013-05-08,'601339,百隆东方,8.71,8.81,8.47,8.49,8.46,0.25,2.9551,2.6519,3977884,34456000.0,6532500000.0,1306500000.0,None
2013-05-07,'601339,百隆东方,8.46,8.49,8.42,8.45,8.44,0.02,0.237,0.7084,1062527,8982346.0,6345000000.0,1269000000.0,None
2013-05-06,'601339,百隆东方,8.44,8.46,8.37,8.45,8.43,0.01,0.1186,1.0956,1643385,13850593.0,6330000000.0,1266000000.0,None
2013-05-03,'601339,百隆东方,8.43,8.44,8.3,8.34,8.34,0.09,1.0791,1.3525,2028726,17053977.0,6322500000.0,1264500000.0,None
2013-05-02,'601339,百隆东方,8.34,8.34,8.23,8.25,8.24,0.1,1.2136,0.8044,1206613,9996094.0,6255000000.0,1251000000.0,None
2013-04-26,'601339,百隆东方,8.24,8.39,8.23,8.25,8.14,0.1,1.2285,1.4121,2118085,17632618.0,6180000000.0,1236000000.0,None
2013-04-25,'601339,百隆东方,8.14,8.32,8.14,8.23,8.28,-0.14,-1.6908,0.8561,1284218,10560279.0,6105000000.0,1221000000.0,None
2013-04-24,'601339,百隆东方,8.28,8.29,8.18,8.18,8.19,0.09,1.0989,0.5925,888803,7334208.0,6210000000.0,1242000000.0,None
2013-04-23,'601339,百隆东方,8.19,8.28,8.18,8.25,8.25,-0.06,-0.7273,1.3487,2023030,16630166.0,6142500000.0,1228500000.0,None
2013-04-22,'601339,百隆东方,8.25,8.35,8.19,8.31,8.36,-0.11,-1.3158,1.3961,2094094,17309440.0,6187500000.0,1237500000.0,None
2013-04-19,'601339,百隆东方,8.36,8.41,8.22,8.37,8.34,0.02,0.2398,1.5966,2394882,19994585.0,6270000000.0,1254000000.0,None
2013-04-18,'601339,百隆东方,8.34,8.39,8.28,8.28,8.34,0.0,0.0,0.4474,671097,5606218.0,6255000000.0,1251000000.0,None
2013-04-17,'601339,百隆东方,8.34,8.37,8.28,8.35,8.35,-0.01,-0.1198,0.4698,704654,5867418.0,6255000000.0,1251000000.0,None
2013-04-16,'601339,百隆东方,8.35,8.37,8.18,8.19,8.23,0.12,1.4581,1.1049,1657372,13741828.0,6262500000.0,1252500000.0,None
2013-04-15,'601339,百隆东方,8.23,8.23,8.15,8.15,8.19,0.04,0.4884,0.7457,1118562,9167623.0,6172500000.0,1234500000.0,None
2013-04-12,'601339,百隆东方,8.19,8.23,8.18,8.19,8.23,-0.04,-0.486,1.0934,1640065,13438448.0,6142500000.0,1228500000.0,None
2013-04-11,'601339,百隆东方,8.23,8.25,8.17,8.2,8.15,0.08,0.9816,1.1515,1727283,14174375.0,6172500000.0,1234500000.0,None
2013-04-10,'601339,百隆东方,8.15,8.46,8.09,8.38,8.42,-0.27,-3.2067,2.489,3733529,30584588.0,6112500000.0,1222500000.0,None
2013-04-09,'601339,百隆东方,8.42,8.46,8.35,8.35,8.37,0.05,0.5974,0.8434,1265108,10644318.0,6315000000.0,1263000000.0,None
2013-04-08,'601339,百隆东方,8.37,8.56,8.21,8.56,8.62,-0.25,-2.9002,2.3882,3582320,29863571.0,6277500000.0,1255500000.0,None
2013-04-03,'601339,百隆东方,8.62,8.7,8.5,8.6,8.61,0.01,0.1161,0.949,1423569,12235191.0,6465000000.0,1293000000.0,None
2013-04-02,'601339,百隆东方,8.61,8.82,8.55,8.76,8.75,-0.14,-1.6,1.2912,1936826,16778425.0,6457500000.0,1291500000.0,None
2013-04-01,'601339,百隆东方,8.75,8.82,8.63,8.65,8.7,0.05,0.5747,1.2076,1811432,15844917.0,6562500000.0,1312500000.0,None
2013-03-29,'601339,百隆东方,8.7,8.9,8.65,8.85,8.86,-0.16,-1.8059,1.4795,2219202,19512418.0,6525000000.0,1305000000.0,None
2013-03-28,'601339,百隆东方,8.86,9.08,8.81,9.08,9.09,-0.23,-2.5303,1.9727,2958997,26313352.0,6645000000.0,1329000000.0,None
2013-03-27,'601339,百隆东方,9.09,9.23,9.01,9.17,9.18,-0.09,-0.9804,1.8803,2820426,25657359.0,6817500000.0,1363500000.0,None
2013-03-26,'601339,百隆东方,9.18,9.23,8.9,9.05,9.11,0.07,0.7684,3.2898,4934628,44874087.0,6885000000.0,1377000000.0,None
2013-03-25,'601339,百隆东方,9.11,9.37,9.1,9.23,9.09,0.02,0.22,4.4151,6622682,61044032.0,6832500000.0,1366500000.0,None
2013-03-22,'601339,百隆东方,9.09,9.1,8.73,8.75,8.79,0.3,3.413,2.8394,4259065,38106594.0,6817500000.0,1363500000.0,None
2013-03-21,'601339,百隆东方,8.79,8.96,8.72,8.85,8.91,-0.12,-1.3468,2.8276,4241391,37453503.0,6592500000.0,1318500000.0,None
2013-03-20,'601339,百隆东方,8.91,8.92,8.62,8.7,8.65,0.26,3.0058,2.9282,4392246,38625063.0,6682500000.0,1336500000.0,None
2013-03-19,'601339,百隆东方,8.65,8.67,8.48,8.52,8.51,0.14,1.6451,2.0488,3073145,26311891.0,6487500000.0,1297500000.0,None
2013-03-18,'601339,百隆东方,8.51,8.83,8.5,8.66,8.89,-0.38,-4.2745,2.5663,3849508,33344695.0,6382500000.0,1276500000.0,None
2013-03-15,'601339,百隆东方,8.89,9.18,8.84,9.01,9.0,-0.11,-1.2222,3.2663,4899410,44202322.0,6667500000.0,1333500000.0,None
2013-03-14,'601339,百隆东方,9.0,9.23,8.68,8.73,8.76,0.24,2.7397,4.3672,6550811,59089077.0,6750000000.0,1350000000.0,None
2013-03-13,'601339,百隆东方,8.76,8.92,8.63,8.89,8.88,-0.12,-1.3514,1.8801,2820131,24637748.0,6570000000.0,1314000000.0,None
2013-03-12,'601339,百隆东方,8.88,9.06,8.72,9.04,8.98,-0.1,-1.1136,4.4047,6606989,58495062.0,6660000000.0,1332000000.0,None
2013-03-11,'601339,百隆东方,8.98,9.26,8.58,8.58,8.53,0.45,5.2755,9.565,14347498,129907930.0,6735000000.0,1347000000.0,None
2013-03-08,'601339,百隆东方,8.53,8.6,8.5,8.54,8.52,0.01,0.1174,1.4492,2173818,18551927.0,6397500000.0,1279500000.0,None
2013-03-07,'601339,百隆东方,8.52,8.57,8.43,8.51,8.5,0.02,0.2353,2.3206,3480951,29624135.0,6390000000.0,1278000000.0,None
2013-03-06,'601339,百隆东方,8.5,8.51,8.26,8.3,8.31,0.19,2.2864,2.3656,3548407,29874596.0,6375000000.0,1275000000.0,None
2013-03-05,'601339,百隆东方,8.31,8.32,8.16,8.18,8.18,0.13,1.5892,1.2079,1811775,14906560.0,6232500000.0,1246500000.0,None
2013-03-04,'601339,百隆东方,8.18,8.4,8.15,8.38,8.43,-0.25,-2.9656,1.7625,2643740,21760452.0,6135000000.0,1227000000.0,None
2013-03-01,'601339,百隆东方,8.43,8.44,8.32,8.33,8.34,0.09,1.0791,1.3949,2092363,17527358.0,6322500000.0,1264500000.0,None
2013-02-28,'601339,百隆东方,8.34,8.34,8.21,8.22,8.21,0.13,1.5834,0.8834,1325146,10983235.0,6255000000.0,1251000000.0,None
2013-02-27,'601339,百隆东方,8.21,8.34,8.17,8.27,8.27,-0.06,-0.7255,1.0639,1595894,13151911.0,6157500000.0,1231500000.0,None
2013-02-26,'601339,百隆东方,8.27,8.43,8.2,8.29,8.32,-0.05,-0.601,1.6483,2472424,20584854.0,6202500000.0,1240500000.0,None
2013-02-25,'601339,百隆东方,8.32,8.38,8.28,8.3,8.28,0.04,0.4831,0.764,1145929,9530529.0,6240000000.0,1248000000.0,None
2013-02-22,'601339,百隆东方,8.28,8.39,8.28,8.3,8.3,-0.02,-0.241,1.401,2101495,17501426.0,6210000000.0,1242000000.0,None
2013-02-21,'601339,百隆东方,8.3,8.48,8.25,8.48,8.5,-0.2,-2.3529,1.9844,2976539,24859863.0,6225000000.0,1245000000.0,None
2013-02-20,'601339,百隆东方,8.5,8.52,8.41,8.41,8.41,0.09,1.0702,1.2066,1809905,15323710.0,6375000000.0,1275000000.0,None
2013-02-19,'601339,百隆东方,8.41,8.6,8.39,8.6,8.59,-0.18,-2.0955,1.9236,2885430,24477840.0,6307500000.0,1261500000.0,None
2013-02-18,'601339,百隆东方,8.59,8.68,8.53,8.62,8.6,-0.01,-0.1163,1.8541,2781101,23857519.0,6442500000.0,1288500000.0,None
2013-02-08,'601339,百隆东方,8.6,8.77,8.36,8.37,8.37,0.23,2.7479,3.5306,5295843,45487288.0,6450000000.0,1290000000.0,None
2013-02-07,'601339,百隆东方,8.37,8.48,8.31,8.43,8.43,-0.06,-0.7117,1.1587,1738000,14556054.0,6277500000.0,1255500000.0,None
2013-02-06,'601339,百隆东方,8.43,8.5,8.31,8.38,8.4,0.03,0.3571,2.0682,3102346,26141976.0,6322500000.0,1264500000.0,None
2013-02-05,'601339,百隆东方,8.4,8.53,8.16,8.2,8.23,0.17,2.0656,3.26,4890001,40994577.0,6300000000.0,1260000000.0,None
2013-02-04,'601339,百隆东方,8.23,8.28,8.15,8.22,8.2,0.03,0.3659,1.8973,2845913,23431770.0,6172500000.0,1234500000.0,None
2013-02-01,'601339,百隆东方,8.2,8.21,8.09,8.12,8.12,0.08,0.9852,1.7413,2611878,21310320.0,6150000000.0,1230000000.0,None
2013-01-31,'601339,百隆东方,8.12,8.2,8.1,8.14,8.2,-0.08,-0.9756,1.6158,2423711,19710142.0,6090000000.0,1218000000.0,None
2013-01-30,'601339,百隆东方,8.2,8.24,8.1,8.2,8.2,0.0,0.0,1.7318,2597682,21221750.0,6150000000.0,1230000000.0,None
2013-01-29,'601339,百隆东方,8.2,8.22,8.06,8.2,8.26,-0.06,-0.7264,3.0044,4506570,36741028.0,6150000000.0,1230000000.0,None
2013-01-28,'601339,百隆东方,8.26,8.27,8.13,8.13,8.14,0.12,1.4742,1.2818,1922646,15778969.0,6195000000.0,1239000000.0,None
2013-01-25,'601339,百隆东方,8.14,8.2,8.12,8.18,8.17,-0.03,-0.3672,0.7822,1173327,9562707.0,6105000000.0,1221000000.0,None
2013-01-24,'601339,百隆东方,8.17,8.43,8.11,8.29,8.33,-0.16,-1.9208,2.5279,3791874,31390357.0,6127500000.0,1225500000.0,None
2013-01-23,'601339,百隆东方,8.33,8.36,8.25,8.3,8.34,-0.01,-0.1199,1.5488,2323143,19272148.0,6247500000.0,1249500000.0,None
2013-01-22,'601339,百隆东方,8.34,8.52,8.32,8.45,8.44,-0.1,-1.1848,2.6434,3965066,33387636.0,6255000000.0,1251000000.0,None
2013-01-21,'601339,百隆东方,8.44,8.47,8.36,8.37,8.37,0.07,0.8363,2.012,3017979,25396615.0,6330000000.0,1266000000.0,None
2013-01-18,'601339,百隆东方,8.37,8.4,8.22,8.26,8.27,0.1,1.2092,2.1609,3241287,26927205.0,6277500000.0,1255500000.0,None
2013-01-17,'601339,百隆东方,8.27,8.42,8.26,8.37,8.42,-0.15,-1.7815,1.8348,2752166,22888688.0,6202500000.0,1240500000.0,None
2013-01-16,'601339,百隆东方,8.42,8.51,8.33,8.47,8.5,-0.08,-0.9412,2.772,4158030,34929877.0,6315000000.0,1263000000.0,None
2013-01-15,'601339,百隆东方,8.5,8.55,8.3,8.3,8.32,0.18,2.1635,4.5242,6786343,57302115.0,6375000000.0,1275000000.0,None
2013-01-14,'601339,百隆东方,8.32,8.38,8.05,8.06,8.1,0.22,2.716,3.0357,4553483,37597112.0,6240000000.0,1248000000.0,None
2013-01-11,'601339,百隆东方,8.1,8.33,8.05,8.3,8.3,-0.2,-2.4096,2.2262,3339241,27384940.0,6075000000.0,1215000000.0,None
2013-01-10,'601339,百隆东方,8.3,8.36,8.21,8.26,8.29,0.01,0.1206,1.9132,2869836,23817928.0,6225000000.0,1245000000.0,None
2013-01-09,'601339,百隆东方,8.29,8.33,8.16,8.19,8.22,0.07,0.8516,2.7792,4168830,34493115.0,6217500000.0,1243500000.0,None
2013-01-08,'601339,百隆东方,8.22,8.29,8.12,8.15,8.17,0.05,0.612,1.8825,2823742,23213329.0,6165000000.0,1233000000.0,None
2013-01-07,'601339,百隆东方,8.17,8.22,8.08,8.18,8.22,-0.05,-0.6083,2.3482,3522336,28620402.0,6127500000.0,1225500000.0,None
2013-01-04,'601339,百隆东方,8.22,8.54,8.17,8.36,8.31,-0.09,-1.083,2.4325,3648721,30365272.0,6165000000.0,1233000000.0,None
2012-12-31,'601339,百隆东方,8.31,8.35,8.18,8.2,8.22,0.09,1.0949,2.0177,3026540,25048490.0,6232500000.0,1246500000.0,None
2012-12-28,'601339,百隆东方,8.22,8.25,8.05,8.16,8.21,0.01,0.1218,2.7351,4102653,33520788.0,6165000000.0,1233000000.0,None
2012-12-27,'601339,百隆东方,8.21,8.55,8.2,8.55,8.5,-0.29,-3.4118,4.5733,6859917,57220142.0,6157500000.0,1231500000.0,None
2012-12-26,'601339,百隆东方,8.5,8.52,8.12,8.16,8.18,0.32,3.912,5.8905,8835684,73806247.0,6375000000.0,1275000000.0,None
2012-12-25,'601339,百隆东方,8.18,8.21,7.88,7.97,7.97,0.21,2.6349,4.4697,6704559,54225281.0,6135000000.0,1227000000.0,None
2012-12-24,'601339,百隆东方,7.97,8.15,7.89,8.0,7.98,-0.01,-0.1253,4.0039,6005902,48201774.0,5977500000.0,1195500000.0,None
2012-12-21,'601339,百隆东方,7.98,7.99,7.75,7.82,7.8,0.18,2.3077,4.5073,6760961,53292214.0,5985000000.0,1197000000.0,None
2012-12-20,'601339,百隆东方,7.8,7.86,7.7,7.74,7.75,0.05,0.6452,2.3761,3564123,27740878.0,5850000000.0,1170000000.0,None
2012-12-19,'601339,百隆东方,7.75,7.83,7.7,7.71,7.7,0.05,0.6494,3.2102,4815259,37468461.0,5812500000.0,1162500000.0,None
2012-12-18,'601339,百隆东方,7.7,7.77,7.64,7.69,7.7,0.0,0.0,2.408,3612066,27796795.0,5775000000.0,1155000000.0,None
2012-12-17,'601339,百隆东方,7.7,7.75,7.59,7.7,7.69,0.01,0.13,2.6546,3981890,30554831.0,5775000000.0,1155000000.0,None
2012-12-14,'601339,百隆东方,7.69,7.72,7.41,7.41,7.42,0.27,3.6388,3.5167,5275017,40225278.0,5767500000.0,1153500000.0,None
2012-12-13,'601339,百隆东方,7.42,7.5,7.4,7.5,7.51,-0.09,-1.1984,0.8346,1251902,9312218.0,5565000000.0,1113000000.0,None
2012-12-12,'601339,百隆东方,7.51,7.61,7.42,7.58,7.57,-0.06,-0.7926,1.1484,1722644,12928021.0,5632500000.0,1126500000.0,None
2012-12-11,'601339,百隆东方,7.57,7.69,7.57,7.62,7.68,-0.11,-1.4323,1.2892,1933863,14761038.0,5677500000.0,1135500000.0,None
2012-12-10,'601339,百隆东方,7.68,7.69,7.52,7.53,7.6,0.08,1.0526,1.9755,2963295,22612512.0,5760000000.0,1152000000.0,None
2012-12-07,'601339,百隆东方,7.6,7.61,7.41,7.43,7.43,0.17,2.288,1.3976,2096326,15787993.0,5700000000.0,1140000000.0,None
2012-12-06,'601339,百隆东方,7.43,7.54,7.42,7.47,7.54,-0.11,-1.4589,0.7777,1166496,8707106.0,5572500000.0,1114500000.0,None
2012-12-05,'601339,百隆东方,7.54,7.64,7.2,7.3,7.3,0.24,3.2877,2.1813,3272000,24420423.0,5655000000.0,1131000000.0,None
2012-12-04,'601339,百隆东方,7.3,7.34,7.14,7.2,7.19,0.11,1.5299,0.7874,1181150,8531508.0,5475000000.0,1095000000.0,None
2012-12-03,'601339,百隆东方,7.19,7.3,7.19,7.29,7.29,-0.1,-1.3717,0.602,903000,6542557.0,5392500000.0,1078500000.0,None
2012-11-30,'601339,百隆东方,7.29,7.33,7.23,7.27,7.23,0.06,0.8299,0.4759,713908,5192116.0,5467500000.0,1093500000.0,None
2012-11-29,'601339,百隆东方,7.23,7.43,7.22,7.38,7.36,-0.13,-1.7663,0.6154,923080,6772867.0,5422500000.0,1084500000.0,None
2012-11-28,'601339,百隆东方,7.36,7.48,7.32,7.48,7.48,-0.12,-1.6043,0.7118,1067630,7888055.0,5520000000.0,1104000000.0,None
2012-11-27,'601339,百隆东方,7.48,7.74,7.46,7.71,7.72,-0.24,-3.1088,1.3119,1967808,14903596.0,5610000000.0,1122000000.0,None
2012-11-26,'601339,百隆东方,7.72,7.9,7.72,7.9,7.94,-0.22,-2.7708,1.3234,1985113,15484830.0,5790000000.0,1158000000.0,None
2012-11-23,'601339,百隆东方,7.94,8.03,7.89,8.0,8.01,-0.07,-0.8739,1.2571,1885602,14989107.0,5955000000.0,1191000000.0,None
2012-11-22,'601339,百隆东方,8.01,8.05,7.84,7.92,7.93,0.08,1.0088,1.8331,2749676,21937809.0,6007500000.0,1201500000.0,None
2012-11-21,'601339,百隆东方,7.93,7.94,7.79,7.89,7.9,0.03,0.3797,1.1155,1673317,13154978.0,5947500000.0,1189500000.0,None
2012-11-20,'601339,百隆东方,7.9,8.05,7.89,8.05,8.04,-0.14,-1.7413,1.0498,1574741,12505932.0,5925000000.0,1185000000.0,None
2012-11-19,'601339,百隆东方,8.04,8.05,7.86,7.94,7.97,0.07,0.8783,1.6525,2478771,19734543.0,6030000000.0,1206000000.0,None
2012-11-16,'601339,百隆东方,7.97,7.99,7.72,7.78,7.75,0.22,2.8387,1.9897,2984587,23486377.0,5977500000.0,1195500000.0,None
2012-11-15,'601339,百隆东方,7.75,7.99,7.71,7.89,7.94,-0.19,-2.3929,1.327,1990528,15674535.0,5812500000.0,1162500000.0,None
2012-11-14,'601339,百隆东方,7.94,7.96,7.85,7.93,7.96,-0.02,-0.2513,0.9372,1405767,11117782.0,5955000000.0,1191000000.0,None
2012-11-13,'601339,百隆东方,7.96,7.97,7.72,7.82,7.87,0.09,1.1436,1.8924,2838551,22362721.0,5970000000.0,1194000000.0,None
2012-11-12,'601339,百隆东方,7.87,7.89,7.73,7.78,7.78,0.09,1.1568,1.0168,1525200,11914321.0,5902500000.0,1180500000.0,None
2012-11-09,'601339,百隆东方,7.78,7.87,7.62,7.68,7.68,0.1,1.3021,1.08,1620072,12543474.0,5835000000.0,1167000000.0,None
2012-11-08,'601339,百隆东方,7.68,7.84,7.66,7.83,7.85,-0.17,-2.1656,0.8781,1317099,10224586.0,5760000000.0,1152000000.0,None
2012-11-07,'601339,百隆东方,7.85,7.87,7.8,7.81,7.84,0.01,0.1276,0.4232,634749,4977366.0,5887500000.0,1177500000.0,None
2012-11-06,'601339,百隆东方,7.84,7.94,7.79,7.92,7.92,-0.08,-1.0101,0.992,1487936,11649132.0,5880000000.0,1176000000.0,None
2012-11-05,'601339,百隆东方,7.92,8.01,7.9,7.97,8.01,-0.09,-1.1236,0.6051,907597,7198822.0,5940000000.0,1188000000.0,None
2012-11-02,'601339,百隆东方,8.01,8.05,7.94,7.94,7.89,0.12,1.5209,1.4902,2235248,17867189.0,6007500000.0,1201500000.0,None
2012-11-01,'601339,百隆东方,7.89,7.92,7.78,7.78,7.81,0.08,1.0243,1.1191,1678645,13227497.0,5917500000.0,1183500000.0,None
2012-10-31,'601339,百隆东方,7.81,7.84,7.76,7.82,7.8,0.01,0.1282,0.3964,594609,4637218.0,5857500000.0,1171500000.0,None
2012-10-30,'601339,百隆东方,7.8,7.87,7.77,7.78,7.77,0.03,0.3861,0.5071,760588,5955354.0,5850000000.0,1170000000.0,None
2012-10-29,'601339,百隆东方,7.77,7.83,7.72,7.75,7.77,0.0,0.0,0.7144,1071600,8333455.0,5827500000.0,1165500000.0,None
2012-10-26,'601339,百隆东方,7.77,8.06,7.76,7.97,8.09,-0.32,-3.9555,2.2459,3368888,26561641.0,5827500000.0,1165500000.0,None
2012-10-25,'601339,百隆东方,8.09,8.16,8.08,8.12,8.11,-0.02,-0.2466,0.766,1148937,9321939.0,6067500000.0,1213500000.0,None
2012-10-24,'601339,百隆东方,8.11,8.14,8.07,8.13,8.14,-0.03,-0.3686,0.6703,1005513,8153467.0,6082500000.0,1216500000.0,None
2012-10-23,'601339,百隆东方,8.14,8.23,8.12,8.23,8.22,-0.08,-0.9732,0.8548,1282190,10480000.0,6105000000.0,1221000000.0,None
2012-10-22,'601339,百隆东方,8.22,8.23,8.13,8.16,8.19,0.03,0.3663,0.7181,1077188,8826070.0,6165000000.0,1233000000.0,None
2012-10-19,'601339,百隆东方,8.19,8.25,8.15,8.21,8.2,-0.01,-0.122,0.8146,1221889,10015458.0,6142500000.0,1228500000.0,None
2012-10-18,'601339,百隆东方,8.2,8.23,8.06,8.08,8.07,0.13,1.6109,1.5761,2364139,19353230.0,6150000000.0,1230000000.0,None
2012-10-17,'601339,百隆东方,8.07,8.08,7.97,8.03,8.01,0.06,0.7491,0.7943,1191423,9564789.0,6052500000.0,1210500000.0,None
2012-10-16,'601339,百隆东方,8.01,8.1,7.98,8.01,8.02,-0.01,-0.1247,0.7873,1180999,9495668.0,6007500000.0,1201500000.0,None
2012-10-15,'601339,百隆东方,8.02,8.15,7.97,8.15,8.14,-0.12,-1.4742,0.9677,1451479,11643456.0,6015000000.0,1203000000.0,None
2012-10-12,'601339,百隆东方,8.14,8.24,8.05,8.16,8.18,-0.04,-0.489,1.2951,1942678,15795363.0,6105000000.0,1221000000.0,None
2012-10-11,'601339,百隆东方,8.18,8.28,8.16,8.26,8.3,-0.12,-1.4458,1.1096,1664341,13670648.0,6135000000.0,1227000000.0,None
2012-10-10,'601339,百隆东方,8.3,8.31,8.19,8.2,8.26,0.04,0.4843,1.2956,1943449,16053477.0,6225000000.0,1245000000.0,None
2012-10-09,'601339,百隆东方,8.26,8.28,8.04,8.05,8.04,0.22,2.7363,1.9464,2919643,23925731.0,6195000000.0,1239000000.0,None
2012-10-08,'601339,百隆东方,8.04,8.15,7.99,8.1,8.17,-0.13,-1.5912,0.9772,1465752,11796975.0,6030000000.0,1206000000.0,None
2012-09-28,'601339,百隆东方,8.17,8.17,8.02,8.05,8.1,0.07,0.8642,1.1826,1773890,14406296.0,6127500000.0,1225500000.0,None
2012-09-27,'601339,百隆东方,8.1,8.16,7.9,7.94,7.93,0.17,2.1438,1.5986,2397937,19266573.0,6075000000.0,1215000000.0,None
2012-09-26,'601339,百隆东方,7.93,8.18,7.92,8.13,8.14,-0.21,-2.5799,0.9935,1490262,11976918.0,5947500000.0,1189500000.0,None
2012-09-25,'601339,百隆东方,8.14,8.28,8.12,8.28,8.27,-0.13,-1.5719,0.7785,1167810,9576063.0,6105000000.0,1221000000.0,None
2012-09-24,'601339,百隆东方,8.27,8.3,8.2,8.3,8.29,-0.02,-0.2413,0.9443,1416424,11679179.0,6202500000.0,1240500000.0,None
2012-09-21,'601339,百隆东方,8.29,8.44,8.2,8.2,8.24,0.05,0.6068,0.6688,1003221,8320591.0,6217500000.0,1243500000.0,None
2012-09-20,'601339,百隆东方,8.24,8.52,8.22,8.5,8.5,-0.26,-3.0588,1.2985,1947729,16281864.0,6180000000.0,1236000000.0,None
2012-09-19,'601339,百隆东方,8.5,8.5,8.41,8.41,8.39,0.11,1.3111,0.6435,965247,8161731.0,6375000000.0,1275000000.0,None
2012-09-18,'601339,百隆东方,8.39,8.49,8.38,8.41,8.43,-0.04,-0.4745,0.9114,1367156,11523146.0,6292500000.0,1258500000.0,None
2012-09-17,'601339,百隆东方,8.43,8.85,8.42,8.85,8.85,-0.42,-4.7458,1.6412,2461821,21265586.0,6322500000.0,1264500000.0,None
2012-09-14,'601339,百隆东方,8.85,8.97,8.76,8.92,8.87,-0.02,-0.2255,1.5976,2396336,21217594.0,6637500000.0,1327500000.0,None
2012-09-13,'601339,百隆东方,8.87,9.0,8.85,8.96,8.95,-0.08,-0.8939,1.4757,2213591,19767804.0,6652500000.0,1330500000.0,None
2012-09-12,'601339,百隆东方,8.95,9.02,8.86,8.98,8.97,-0.02,-0.223,1.8651,2797668,24977862.0,6712500000.0,1342500000.0,None
2012-09-11,'601339,百隆东方,8.97,9.17,8.83,8.89,8.91,0.06,0.6734,3.3897,5084530,45819397.0,6727500000.0,1345500000.0,None
2012-09-10,'601339,百隆东方,8.91,8.94,8.79,8.86,8.86,0.05,0.5643,2.5939,3890923,34542526.0,6682500000.0,1336500000.0,None
2012-09-07,'601339,百隆东方,8.86,8.96,8.59,8.6,8.56,0.3,3.5047,4.5255,6788314,59759190.0,6645000000.0,1329000000.0,None
2012-09-06,'601339,百隆东方,8.56,8.57,8.43,8.43,8.45,0.11,1.3018,1.4002,2100373,17887882.0,6420000000.0,1284000000.0,None
2012-09-05,'601339,百隆东方,8.45,8.52,8.35,8.41,8.38,0.07,0.8353,1.2457,1868574,15779745.0,6337500000.0,1267500000.0,None
2012-09-04,'601339,百隆东方,8.38,8.46,8.34,8.43,8.43,-0.05,-0.5931,1.2081,1812100,15228385.0,6285000000.0,1257000000.0,None
2012-09-03,'601339,百隆东方,8.43,8.47,8.34,8.36,8.39,0.04,0.4768,1.7687,2653112,22316407.0,6322500000.0,1264500000.0,None
2012-08-31,'601339,百隆东方,8.39,8.47,8.36,8.43,8.42,-0.03,-0.3563,0.7303,1095500,9211264.0,6292500000.0,1258500000.0,None
2012-08-30,'601339,百隆东方,8.42,8.59,8.33,8.52,8.52,-0.1,-1.1737,1.4591,2188648,18471483.0,6315000000.0,1263000000.0,None
2012-08-29,'601339,百隆东方,8.52,8.65,8.51,8.57,8.59,-0.07,-0.8149,0.8416,1262425,10820037.0,6390000000.0,1278000000.0,None
2012-08-28,'601339,百隆东方,8.59,8.66,8.53,8.53,8.57,0.02,0.2334,1.3238,1985707,17056647.0,6442500000.0,1288500000.0,None
2012-08-27,'601339,百隆东方,8.57,8.85,8.56,8.85,8.92,-0.35,-3.9238,2.1504,3225648,27922115.0,6427500000.0,1285500000.0,None
2012-08-24,'601339,百隆东方,8.92,9.17,8.89,9.09,9.14,-0.22,-2.407,1.9142,2871257,25903769.0,6690000000.0,1338000000.0,None
2012-08-23,'601339,百隆东方,9.14,9.16,8.89,8.89,8.9,0.24,2.6966,2.4643,3696477,33451082.0,6855000000.0,1371000000.0,None
2012-08-22,'601339,百隆东方,8.9,9.07,8.86,9.01,9.04,-0.14,-1.5487,1.4178,2126688,19011566.0,6675000000.0,1335000000.0,None
2012-08-21,'601339,百隆东方,9.04,9.07,8.88,8.95,8.95,0.09,1.0056,1.7463,2619400,23634782.0,6780000000.0,1356000000.0,None
2012-08-20,'601339,百隆东方,8.95,8.97,8.76,8.84,8.96,-0.01,-0.1116,1.2562,1884308,16721200.0,6712500000.0,1342500000.0,None
2012-08-17,'601339,百隆东方,8.96,8.98,8.78,8.86,8.81,0.15,1.7026,1.2276,1841386,16358746.0,6720000000.0,1344000000.0,None
2012-08-16,'601339,百隆东方,8.81,8.86,8.79,8.8,8.85,-0.04,-0.452,0.7204,1080635,9537627.0,6607500000.0,1321500000.0,None
2012-08-15,'601339,百隆东方,8.85,8.9,8.79,8.86,8.86,-0.01,-0.1129,1.0752,1612752,14257784.0,6637500000.0,1327500000.0,None
2012-08-14,'601339,百隆东方,8.86,8.89,8.72,8.81,8.83,0.03,0.3398,1.7133,2570005,22603467.0,6645000000.0,1329000000.0,None
2012-08-13,'601339,百隆东方,8.83,9.16,8.82,9.16,9.16,-0.33,-3.6026,1.8969,2845400,25546218.0,6622500000.0,1324500000.0,None
2012-08-10,'601339,百隆东方,9.16,9.26,9.11,9.11,9.14,0.02,0.2188,1.6865,2529764,23176863.0,6870000000.0,1374000000.0,None
2012-08-09,'601339,百隆东方,9.14,9.14,8.96,9.0,9.03,0.11,1.2182,1.8404,2760572,25065467.0,6855000000.0,1371000000.0,None
2012-08-08,'601339,百隆东方,9.03,9.12,8.97,9.1,9.1,-0.07,-0.7692,1.6848,2527231,22880316.0,6772500000.0,1354500000.0,None
2012-08-07,'601339,百隆东方,9.1,9.17,9.01,9.05,9.04,0.06,0.6637,2.3451,3517600,31917760.0,6825000000.0,1365000000.0,None
2012-08-06,'601339,百隆东方,9.04,9.06,8.78,8.81,8.88,0.16,1.8018,2.583,3874429,34709817.0,6780000000.0,1356000000.0,None
2012-08-03,'601339,百隆东方,8.88,8.89,8.68,8.75,8.73,0.15,1.7182,1.7801,2670189,23529922.0,6660000000.0,1332000000.0,None
2012-08-02,'601339,百隆东方,8.73,8.86,8.65,8.84,8.87,-0.14,-1.5784,2.0519,3077791,26897460.0,6547500000.0,1309500000.0,None
2012-08-01,'601339,百隆东方,8.87,8.94,8.81,8.82,8.82,0.05,0.5669,1.889,2833566,25158591.0,6652500000.0,1330500000.0,None
2012-07-31,'601339,百隆东方,8.82,9.14,8.78,9.07,9.27,-0.45,-4.8544,4.0351,6052671,53616151.0,6615000000.0,1323000000.0,None
2012-07-30,'601339,百隆东方,9.27,9.8,9.27,9.8,10.3,-1.03,-10.0,6.138,9207008,85810587.0,6952500000.0,1390500000.0,None
2012-07-27,'601339,百隆东方,10.3,10.39,10.25,10.3,10.27,0.03,0.2921,1.1452,1717764,17708837.0,7725000000.0,1545000000.0,None
2012-07-26,'601339,百隆东方,10.27,10.41,10.24,10.35,10.39,-0.12,-1.155,1.4534,2180158,22470677.0,7702500000.0,1540500000.0,None
2012-07-25,'601339,百隆东方,10.39,10.54,10.22,10.27,10.27,0.12,1.1685,2.3883,3582403,37387882.0,7792500000.0,1558500000.0,None
2012-07-24,'601339,百隆东方,10.27,10.34,10.15,10.16,10.2,0.07,0.6863,1.1422,1713340,17597144.0,7702500000.0,1540500000.0,None
2012-07-23,'601339,百隆东方,10.2,10.28,10.15,10.21,10.27,-0.07,-0.6816,1.2902,1935231,19751463.0,7650000000.0,1530000000.0,None
2012-07-20,'601339,百隆东方,10.27,10.44,10.24,10.43,10.44,-0.17,-1.6284,1.7787,2668065,27537467.0,7702500000.0,1540500000.0,None
2012-07-19,'601339,百隆东方,10.44,10.6,10.37,10.42,10.49,-0.05,-0.4766,2.6682,4002237,41968038.0,7830000000.0,1566000000.0,None
2012-07-18,'601339,百隆东方,10.49,10.51,10.22,10.29,10.31,0.18,1.7459,1.8965,2844761,29506901.0,7867500000.0,1573500000.0,None
2012-07-17,'601339,百隆东方,10.31,10.33,10.18,10.27,10.24,0.07,0.6836,1.4704,2205605,22608421.0,7732500000.0,1546500000.0,None
2012-07-16,'601339,百隆东方,10.24,11.15,10.22,11.11,11.11,-0.87,-7.8308,5.1153,7672906,80508609.0,7680000000.0,1536000000.0,None
2012-07-13,'601339,百隆东方,11.11,11.35,11.08,11.35,11.39,-0.28,-2.4583,3.4583,5187519,57832690.0,8332500000.0,1666500000.0,None
2012-07-12,'601339,百隆东方,11.39,11.43,11.18,11.31,11.31,0.08,0.7073,1.708,2561988,28997269.0,8542500000.0,1708500000.0,None
2012-07-11,'601339,百隆东方,11.31,11.45,11.1,11.11,11.11,0.2,1.8002,1.8598,2789689,31517634.0,8482500000.0,1696500000.0,None
2012-07-10,'601339,百隆东方,11.11,11.18,11.04,11.1,11.11,0.0,0.0,1.3509,2026418,22484012.0,8332500000.0,1666500000.0,None
2012-07-09,'601339,百隆东方,11.11,11.38,11.1,11.33,11.41,-0.3,-2.6293,1.8627,2794111,31386540.0,8332500000.0,1666500000.0,None
2012-07-06,'601339,百隆东方,11.41,11.47,11.11,11.32,11.27,0.14,1.2422,2.5624,3843646,43363834.0,8557500000.0,1711500000.0,None
2012-07-05,'601339,百隆东方,11.27,11.72,11.23,11.72,11.64,-0.37,-3.1787,3.2435,4865181,55589183.0,8452500000.0,1690500000.0,None
2012-07-04,'601339,百隆东方,11.64,11.88,11.39,11.39,11.36,0.28,2.4648,5.1448,7717126,90127102.0,8730000000.0,1746000000.0,None
2012-07-03,'601339,百隆东方,11.36,11.4,11.27,11.37,11.35,0.01,0.0881,1.9339,2900880,32913194.0,8520000000.0,1704000000.0,None
2012-07-02,'601339,百隆东方,11.35,11.43,11.25,11.26,11.24,0.11,0.9786,1.9106,2865950,32525846.0,8512500000.0,1702500000.0,None
2012-06-29,'601339,百隆东方,11.24,11.26,11.04,11.05,11.02,0.22,1.9964,1.7008,2551209,28504906.0,8430000000.0,1686000000.0,None
2012-06-28,'601339,百隆东方,11.02,11.44,11.01,11.37,11.37,-0.35,-3.0783,2.8403,4260455,47827009.0,8265000000.0,1653000000.0,None
2012-06-27,'601339,百隆东方,11.37,11.54,11.32,11.36,11.37,0.0,0.0,2.0703,3105471,35499449.0,8527500000.0,1705500000.0,None
2012-06-26,'601339,百隆东方,11.37,11.54,11.21,11.52,11.54,-0.17,-1.4731,3.1975,4796310,54376780.0,8527500000.0,1705500000.0,None
2012-06-25,'601339,百隆东方,11.54,12.03,11.53,12.03,12.11,-0.57,-4.7069,5.4902,8235281,96297157.0,8655000000.0,1731000000.0,None
2012-06-21,'601339,百隆东方,12.11,12.25,12.08,12.2,12.24,-0.13,-1.0621,2.8384,4257623,51588620.0,9082500000.0,1816500000.0,None
2012-06-20,'601339,百隆东方,12.24,12.28,12.08,12.13,12.13,0.11,0.9068,3.1245,4686722,57142729.0,9180000000.0,1836000000.0,None
2012-06-19,'601339,百隆东方,12.13,12.37,12.08,12.36,12.38,-0.25,-2.0194,4.6098,6914658,84369207.0,9097500000.0,1819500000.0,None
2012-06-18,'601339,百隆东方,12.38,12.47,12.31,12.39,12.34,0.04,0.3241,3.5671,5350667,66237233.0,9285000000.0,1857000000.0,None
2012-06-15,'601339,百隆东方,12.34,12.55,12.25,12.45,12.51,-0.17,-1.3589,5.1703,7755522,96043777.0,9255000000.0,1851000000.0,None
2012-06-14,'601339,百隆东方,12.51,12.53,12.26,12.4,12.49,0.02,0.1601,7.2448,10867164,134306975.0,9382500000.0,1876500000.0,None
2012-06-13,'601339,百隆东方,12.49,12.57,12.08,12.18,12.33,0.16,1.2976,9.467,14200534,176655162.0,9367500000.0,1873500000.0,None
2012-06-12,'601339,N百隆,12.33,12.8,11.98,12.0,13.6,-1.27,-9.3382,22.1326,33198945,412397695.0,9247500000.0,1849500000.0,None
